%% start simulation at 04-Mar-2022 18:24:03%% N, K, L = 700, 525, 8 
%% SNR_db = [4.500000e+00 4.750000e+00 5 5.250000e+00 5.500000e+00 5.750000e+00 6 ];
%% sample number each SNR = 500 


%% start simulation at 04-Mar-2022 18:25:43%% N, K, L = 700, 525, 8 
%% SNR_db = [4.500000e+00 4.750000e+00 5 5.250000e+00 5.500000e+00 5.750000e+00 6 ];
%% sample number each SNR = 500 


%%% uncode channel llr mean is 5.636766e+00 
PolarSeq_1 = [350 351 352 353 354 355 356 357 358 359 360 361 362 363 364 365 366 367 368 369 370 371 372 373 374 375 376 377 378 379 380 381 382 383 384 385 386 387 388 389 390 391 392 393 394 395 396 397 398 399 400 401 402 403 404 405 406 407 408 409 410 411 412 413 414 415 416 417 418 419 420 421 422 423 424 425 426 427 428 429 430 431 432 433 434 435 436 437 438 439 440 441 442 443 444 445 446 447 448 449 450 451 452 453 454 455 456 457 458 459 460 461 462 463 464 465 466 467 468 469 470 471 472 473 474 475 476 477 478 479 480 481 482 483 484 485 486 487 488 489 490 491 492 493 494 495 496 497 498 499 500 501 502 503 504 505 506 507 508 509 510 511 862 863 864 865 866 867 868 869 870 871 872 873 874 875 876 877 878 879 880 881 882 883 884 885 886 887 888 889 890 891 892 893 894 895 896 897 898 899 900 901 902 903 904 905 906 907 908 909 910 911 912 913 914 915 916 917 918 919 920 921 922 923 924 925 926 927 928 929 930 931 932 933 934 935 936 937 938 939 940 941 942 943 944 945 946 947 948 949 950 951 952 953 954 955 956 957 958 959 960 961 962 963 964 965 966 967 968 969 970 971 972 973 974 975 976 977 978 979 980 981 982 983 984 985 986 987 988 989 990 991 992 993 994 995 996 997 998 999 1000 1001 1002 1003 1004 1005 1006 1007 1008 1009 1010 1011 1012 1013 1014 1015 1016 1017 1018 1019 1020 1021 1022 1023 0 8 16 32 64 4 128 20 24 36 40 12 68 512 48 72 256 2 18 34 10 66 80 130 6 132 26 22 28 38 136 42 96 14 1 9 17 33 65 129 5 25 21 44 37 41 13 70 514 50 69 513 49 144 73 74 257 3 19 35 11 516 52 67 258 81 76 131 260 7 160 133 82 520 56 27 23 134 29 39 137 84 43 264 97 15 30 528 138 192 45 98 71 515 51 88 145 46 272 140 75 100 517 53 544 259 146 77 518 54 261 161 83 104 148 521 57 288 78 576 135 262 162 522 58 85 265 152 112 31 529 139 193 320 164 86 524 99 60 266 640 89 530 194 47 273 141 168 268 101 545 90 147 532 274 196 142 102 519 768 546 176 55 92 105 276 149 536 289 200 79 577 548 263 106 150 163 290 523 280 59 208 578 153 113 552 108 292 321 165 87 154 525 114 61 267 580 224 641 560 531 322 296 166 195 526 62 156 116 584 169 642 269 91 324 304 533 275 120 197 170 592 143 644 270 103 328 769 547 177 534 93 198 172 608 648 277 537 201 336 770 178 94 656 549 278 538 202 107 151 772 180 291 281 550 672 209 540 579 204 776 184 553 282 704 109 210 293 784 554 155 284 115 581 110 212 294 225 561 556 800 582 323 297 167 216 226 527 63 157 117 562 832 585 643 298 228 158 118 564 325 586 305 300 232 121 171 568 593 326 588 645 306 271 240 122 594 329 646 308 535 199 124 173 609 596 649 330 312 174 337 610 600 650 332 771 179 95 657 338 612 652 279 539 203 658 773 340 181 616 551 673 660 774 344 182 624 541 205 777 185 674 664 542 283 206 705 778 186 676 211 785 706 780 188 680 555 285 786 111 708 688 213 295 286 788 712 557 214 801 583 792 217 720 558 802 227 563 218 804 736 833 299 220 229 808 834 159 119 565 230 816 836 587 301 566 233 840 569 302 234 327 589 848 307 570 241 236 590 123 572 595 242 647 309 244 310 125 597 331 248 313 126 598 314 175 611 601 651 333 316 602 334 339 613 653 604 614 654 659 341 617 618 342 661 775 345 183 625 620 662 626 346 675 665 628 348 543 666 632 207 779 187 677 668 678 707 781 189 681 782 190 682 787 709 689 684 710 287 690 789 713 215 692 714 790 793 721 559 803 219 805 737 221 809 835 231 817 837 567 841 303 235 849 571 237 591 573 243 245 311 249 127 599 315 317 603 335 222 238 246 250 252 254 318 574 606 622 630 634 636 638 670 686 694 696 698 700 702 716 718 722 724 726 728 730 732 734 738 740 742 744 746 748 750 752 754 756 758 760 762 764 766 794 796 798 806 810 812 814 818 820 822 824 826 828 830 838 842 844 846 850 852 854 856 858 860 605 615 655 619 343 621 663 627 347 629 349 667 633 669 679 783 191 683 685 711 691 693 791 715 795 723 807 739 223 811 819 839 843 851 239 575 247 251 253 637 697 701 717 725 729 733 741 745 749 753 757 761 765 797 813 821 825 829 845 853 857 861 319 607 623 631 635 671 687 695 719 799 727 743 815 823 847 855 255 699 731 747 755 763 827 859 639 703 735 751 831 759 767 ];
%%% uncode channel llr mean is 5.970765e+00 
