%% start simulation at 03-Mar-2022 16:44:19%% N, K, L = 700, 350, 8 
%% SNR_db = [1.500000e+00 1.750000e+00 2 2.250000e+00 2.500000e+00 2.750000e+00 3 ];
%% sample number each SNR = 500 


%%% uncode channel llr mean is 2.825075e+00 
PolarSeq_1 = [700 701 702 703 704 705 706 707 708 709 710 711 712 713 714 715 716 717 718 719 720 721 722 723 724 725 726 727 728 729 730 731 732 733 734 735 736 737 738 739 740 741 742 743 744 745 746 747 748 749 750 751 752 753 754 755 756 757 758 759 760 761 762 763 764 765 766 767 768 769 770 771 772 773 774 775 776 777 778 779 780 781 782 783 784 785 786 787 788 789 790 791 792 793 794 795 796 797 798 799 800 801 802 803 804 805 806 807 808 809 810 811 812 813 814 815 816 817 818 819 820 821 822 823 824 825 826 827 828 829 830 831 832 833 834 835 836 837 838 839 840 841 842 843 844 845 846 847 848 849 850 851 852 853 854 855 856 857 858 859 860 861 862 863 864 865 866 867 868 869 870 871 872 873 874 875 876 877 878 879 880 881 882 883 884 885 886 887 888 889 890 891 892 893 894 895 896 897 898 899 900 901 902 903 904 905 906 907 908 909 910 911 912 913 914 915 916 917 918 919 920 921 922 923 924 925 926 927 928 929 930 931 932 933 934 935 936 937 938 939 940 941 942 943 944 945 946 947 948 949 950 951 952 953 954 955 956 957 958 959 960 961 962 963 964 965 966 967 968 969 970 971 972 973 974 975 976 977 978 979 980 981 982 983 984 985 986 987 988 989 990 991 992 993 994 995 996 997 998 999 1000 1001 1002 1003 1004 1005 1006 1007 1008 1009 1010 1011 1012 1013 1014 1015 1016 1017 1018 1019 1020 1021 1022 1023 0 8 16 24 32 40 48 64 72 80 96 128 136 144 160 256 264 512 4 20 36 56 68 132 192 260 272 288 52 88 84 100 12 104 44 76 148 140 152 516 320 112 164 520 28 168 2 18 34 66 130 258 50 82 98 10 42 74 146 138 514 268 162 26 528 266 276 274 194 196 384 176 6 38 70 134 22 262 280 58 290 200 90 54 86 544 60 292 92 102 106 14 46 78 150 1 17 33 49 65 129 257 9 41 73 81 97 145 137 513 161 25 265 142 273 193 5 37 69 133 21 261 57 289 89 53 208 85 154 108 296 518 101 105 13 45 77 149 322 141 153 517 114 321 166 113 165 522 521 29 156 30 169 324 3 35 67 131 19 259 51 83 99 11 43 75 147 576 139 170 515 269 116 163 27 524 304 529 267 270 224 277 275 195 197 530 385 177 172 278 328 7 39 71 135 23 263 198 386 120 178 281 59 291 201 91 55 532 87 545 61 293 93 282 103 202 388 640 107 15 180 47 79 546 336 151 62 294 94 143 209 155 109 536 297 519 284 323 204 115 167 392 548 523 184 210 157 31 110 298 325 352 577 171 117 525 305 271 158 225 212 552 326 300 531 400 578 173 118 279 329 526 306 199 387 121 226 179 533 174 216 560 580 330 283 416 308 122 203 389 641 228 181 547 337 534 63 295 95 332 584 537 285 390 642 124 312 205 182 232 338 393 448 549 185 211 111 299 538 286 353 592 206 644 340 394 550 186 240 159 540 213 553 327 301 354 401 579 648 119 608 396 344 527 307 188 227 214 554 302 356 402 175 217 656 561 581 331 417 309 123 556 404 229 360 218 562 535 582 418 672 310 333 585 230 391 643 408 125 313 183 220 368 564 233 339 449 420 334 586 539 126 314 287 234 593 207 645 568 450 424 341 588 395 551 187 241 316 541 594 646 236 355 452 342 432 649 242 609 397 345 189 542 596 456 215 555 303 650 357 403 244 610 398 346 600 190 464 657 652 358 248 612 348 557 405 658 480 361 219 563 583 616 558 419 406 673 660 362 311 231 624 409 221 674 369 364 664 565 421 410 335 587 222 370 676 566 127 315 422 412 235 372 680 569 451 425 589 376 688 570 317 426 595 590 647 237 572 453 318 343 433 428 238 243 454 434 543 597 457 436 651 598 245 611 458 399 347 440 601 191 246 465 460 602 653 359 249 613 466 349 654 604 250 659 481 614 468 350 252 617 482 472 559 407 661 363 618 484 625 662 620 488 675 365 665 626 496 366 666 628 411 223 371 677 567 632 668 678 423 413 373 681 414 374 682 377 689 571 684 378 427 690 591 380 573 692 319 429 574 696 239 430 455 435 437 599 438 459 441 247 442 461 603 444 462 467 655 605 251 615 469 606 351 470 253 483 473 254 474 619 485 476 486 663 621 489 490 622 627 497 492 498 500 367 667 629 630 633 669 679 415 375 683 685 379 691 381 693 575 697 431 439 382 446 478 494 502 504 506 508 510 634 636 638 670 686 694 698 443 445 463 607 471 255 475 477 487 623 491 493 499 501 631 635 671 687 383 695 699 505 509 637 447 479 495 503 639 507 511 ];
%%% uncode channel llr mean is 2.992471e+00 
