%% start simulation at 03-Mar-2022 17:31:09%% N, K, L = 768, 576, 8 
%% SNR_db = [4.500000e+00 4.750000e+00 5 5.250000e+00 5.500000e+00 5.750000e+00 6 ];
%% sample number each SNR = 500 


%%% uncode channel llr mean is 5.636766e+00 
PolarSeq_1 = [768 769 770 771 772 773 774 775 776 777 778 779 780 781 782 783 784 785 786 787 788 789 790 791 792 793 794 795 796 797 798 799 800 801 802 803 804 805 806 807 808 809 810 811 812 813 814 815 816 817 818 819 820 821 822 823 824 825 826 827 828 829 830 831 832 833 834 835 836 837 838 839 840 841 842 843 844 845 846 847 848 849 850 851 852 853 854 855 856 857 858 859 860 861 862 863 864 865 866 867 868 869 870 871 872 873 874 875 876 877 878 879 880 881 882 883 884 885 886 887 888 889 890 891 892 893 894 895 896 897 898 899 900 901 902 903 904 905 906 907 908 909 910 911 912 913 914 915 916 917 918 919 920 921 922 923 924 925 926 927 928 929 930 931 932 933 934 935 936 937 938 939 940 941 942 943 944 945 946 947 948 949 950 951 952 953 954 955 956 957 958 959 960 961 962 963 964 965 966 967 968 969 970 971 972 973 974 975 976 977 978 979 980 981 982 983 984 985 986 987 988 989 990 991 992 993 994 995 996 997 998 999 1000 1001 1002 1003 1004 1005 1006 1007 1008 1009 1010 1011 1012 1013 1014 1015 1016 1017 1018 1019 1020 1021 1022 1023 0 8 16 32 64 128 4 20 24 40 36 256 12 48 68 72 80 2 18 34 10 66 132 130 512 136 6 26 96 28 22 42 38 144 44 258 14 50 70 1 17 9 33 65 129 260 5 25 21 41 37 74 257 13 49 69 52 73 160 76 81 264 3 19 35 11 67 133 82 56 134 131 513 137 514 84 7 27 138 97 192 272 29 23 43 39 516 98 145 30 45 140 259 88 15 51 71 146 46 100 261 288 75 520 53 262 161 148 77 54 265 104 83 57 135 528 162 320 78 266 152 515 85 58 139 112 193 164 273 544 268 517 99 86 31 384 60 194 141 274 89 168 518 147 47 101 289 521 142 576 196 90 276 176 263 102 149 290 522 55 92 200 105 280 529 640 163 150 321 79 292 524 267 106 153 208 59 530 113 322 165 296 154 108 545 269 87 532 114 324 385 224 166 61 195 275 156 546 304 270 169 519 116 536 386 62 328 143 577 197 91 548 170 277 388 177 120 103 336 578 198 291 278 523 172 552 93 201 281 178 392 352 641 580 151 560 293 94 202 525 282 107 400 180 642 584 209 531 294 204 526 323 284 184 416 297 644 592 155 210 109 533 448 115 298 648 325 608 225 167 212 110 157 547 534 305 271 326 300 656 226 216 117 537 387 63 158 329 306 672 228 549 171 118 538 330 308 704 232 389 550 121 540 337 332 579 312 199 279 240 173 390 553 122 338 179 393 174 554 124 353 581 340 394 561 556 95 203 354 283 582 344 401 181 562 396 643 585 356 402 182 564 295 205 527 586 360 285 185 417 404 568 206 645 593 588 211 368 286 186 418 408 646 594 449 188 420 299 649 609 596 213 111 450 424 650 610 600 214 535 452 432 327 301 657 652 227 612 217 456 302 658 159 616 218 307 464 673 660 229 624 220 119 480 539 674 230 664 331 309 705 233 676 310 551 541 706 234 680 333 313 542 241 708 236 688 391 334 314 123 242 712 339 316 175 244 720 555 125 248 341 736 126 395 342 557 355 583 345 558 563 397 346 357 398 348 403 183 358 565 587 361 566 405 362 569 207 589 406 369 287 364 570 187 419 409 590 370 572 647 595 410 372 189 421 412 376 597 190 422 451 425 598 651 611 601 426 215 453 433 602 428 653 613 454 434 604 654 614 457 436 303 659 617 458 219 440 465 618 460 661 625 466 221 620 662 626 481 222 468 675 231 665 482 628 472 632 666 677 484 668 311 678 707 235 681 543 709 237 689 335 315 243 713 317 245 721 249 737 127 343 559 347 399 349 359 567 363 407 365 571 238 246 250 252 254 318 350 366 374 378 380 382 414 430 438 442 444 446 462 470 474 476 478 486 488 490 492 494 496 498 500 502 504 506 508 510 574 606 622 630 634 636 638 670 682 684 686 690 692 694 696 698 700 702 710 714 716 718 722 724 726 728 730 732 734 738 740 742 744 746 748 750 752 754 756 758 760 762 764 766 591 371 573 411 373 413 377 191 423 599 427 603 429 455 435 605 655 615 437 459 441 619 461 467 621 663 627 223 469 629 483 473 633 667 485 669 679 683 711 239 691 715 319 247 723 251 739 351 253 381 445 477 489 493 497 501 505 509 637 685 693 697 701 717 725 729 733 741 745 749 753 757 761 765 367 575 375 415 379 431 607 439 443 463 623 471 631 475 635 487 671 687 695 719 727 255 743 491 499 507 699 731 747 755 763 383 447 479 639 495 703 735 751 503 759 511 767 ];
%%% uncode channel llr mean is 5.970765e+00 
