%% start simulation at 03-Mar-2022 16:42:12%% N, K, L = 700, 175, 8 
%% SNR_db = [-3 -2.750000e+00 -2.500000e+00 -2.250000e+00 -2 -1.750000e+00 -1.500000e+00 ];
%% sample number each SNR = 500 


%%% uncode channel llr mean is 1.002374e+00 
PolarSeq_1 = [700 701 702 703 704 705 706 707 708 709 710 711 712 713 714 715 716 717 718 719 720 721 722 723 724 725 726 727 728 729 730 731 732 733 734 735 736 737 738 739 740 741 742 743 744 745 746 747 748 749 750 751 752 753 754 755 756 757 758 759 760 761 762 763 764 765 766 767 768 769 770 771 772 773 774 775 776 777 778 779 780 781 782 783 784 785 786 787 788 789 790 791 792 793 794 795 796 797 798 799 800 801 802 803 804 805 806 807 808 809 810 811 812 813 814 815 816 817 818 819 820 821 822 823 824 825 826 827 828 829 830 831 832 833 834 835 836 837 838 839 840 841 842 843 844 845 846 847 848 849 850 851 852 853 854 855 856 857 858 859 860 861 862 863 864 865 866 867 868 869 870 871 872 873 874 875 876 877 878 879 880 881 882 883 884 885 886 887 888 889 890 891 892 893 894 895 896 897 898 899 900 901 902 903 904 905 906 907 908 909 910 911 912 913 914 915 916 917 918 919 920 921 922 923 924 925 926 927 928 929 930 931 932 933 934 935 936 937 938 939 940 941 942 943 944 945 946 947 948 949 950 951 952 953 954 955 956 957 958 959 960 961 962 963 964 965 966 967 968 969 970 971 972 973 974 975 976 977 978 979 980 981 982 983 984 985 986 987 988 989 990 991 992 993 994 995 996 997 998 999 1000 1001 1002 1003 1004 1005 1006 1007 1008 1009 1010 1011 1012 1013 1014 1015 1016 1017 1018 1019 1020 1021 1022 1023 0 8 16 24 32 40 48 64 72 80 88 96 104 112 128 136 144 152 160 168 176 192 200 208 224 256 264 272 280 288 296 304 320 328 336 384 512 520 528 544 576 4 20 36 52 56 68 84 100 132 148 164 196 260 276 292 324 352 388 392 400 516 536 640 532 184 548 552 180 416 212 116 216 12 76 140 268 44 120 524 172 204 108 560 228 308 300 232 580 312 332 28 156 92 340 284 448 584 2 18 34 66 82 98 130 146 162 194 258 274 290 322 386 514 50 530 546 178 210 114 10 74 138 266 42 522 170 202 106 226 306 298 578 240 330 344 26 154 90 338 282 396 356 394 354 58 60 592 402 6 38 70 134 262 518 166 198 102 294 326 22 150 86 278 404 642 538 390 54 360 534 540 644 554 550 186 182 418 214 408 118 556 218 14 78 142 270 608 188 46 122 526 174 648 206 420 110 562 368 230 1 17 33 49 65 81 97 129 145 161 193 257 273 289 321 385 513 529 9 41 73 105 113 137 169 177 201 209 265 521 545 225 305 297 577 329 25 153 89 337 281 393 353 57 401 5 37 69 133 165 261 517 197 101 293 325 21 149 85 277 641 537 389 53 310 533 220 553 549 185 181 417 213 302 117 124 217 13 77 141 269 45 121 525 173 205 109 561 229 234 309 301 582 564 314 233 581 313 334 333 29 157 30 93 341 158 424 94 285 342 449 585 286 450 586 656 3 35 67 99 131 163 195 259 515 19 83 147 275 291 323 387 51 531 547 179 236 211 115 11 75 139 267 43 523 171 203 107 227 307 299 579 241 331 345 27 316 155 91 339 283 242 346 397 568 357 395 355 452 59 61 593 588 398 403 358 7 71 135 263 39 519 167 199 103 295 327 23 151 87 279 432 405 643 539 391 62 594 55 244 361 348 535 541 645 672 406 555 551 187 183 456 362 419 215 409 119 542 646 557 219 596 15 79 143 271 609 189 47 123 527 175 649 248 207 421 111 563 369 231 410 311 221 558 364 303 125 610 190 235 650 583 464 422 565 315 370 600 335 222 31 159 425 95 343 126 412 287 451 587 657 237 612 566 317 652 243 372 347 426 569 480 453 658 238 589 399 359 318 433 616 63 595 245 570 349 428 454 376 673 590 407 660 457 363 434 543 246 647 350 597 624 572 674 249 458 411 664 436 559 365 611 191 598 651 465 423 250 371 676 601 223 460 127 366 413 440 613 466 567 602 252 653 680 373 427 414 481 659 239 614 468 319 604 654 374 617 571 688 482 429 455 377 591 661 472 618 435 247 430 484 351 378 625 573 675 662 620 459 665 437 488 626 380 574 599 251 677 666 438 461 628 367 496 441 678 467 603 253 668 462 681 632 442 415 615 254 469 682 605 655 444 375 689 483 470 684 606 473 619 690 431 485 379 474 692 663 486 621 476 696 489 627 381 575 622 490 382 667 439 629 497 492 679 630 498 669 463 633 443 500 670 634 255 504 683 636 445 446 471 685 607 686 691 475 693 487 694 477 697 478 623 698 491 383 493 494 631 499 501 671 502 635 505 506 637 508 638 447 687 695 479 699 495 503 507 509 639 510 511 ];
%%% uncode channel llr mean is 1.061769e+00 
