%% start simulation at 04-Mar-2022 18:17:12%% N, K, L = 700, 525, 8 
%% SNR_db = [4.500000e+00 4.750000e+00 5 5.250000e+00 5.500000e+00 5.750000e+00 6 ];
%% sample number each SNR = 500 


%%% uncode channel llr mean is 5.636766e+00 
PolarSeq_1 = [0 1 2 3 4 5 6 7 8 9 10 11 12 13 14 15 16 17 18 19 20 21 22 23 24 25 26 27 28 29 30 31 32 33 34 35 36 37 38 39 40 41 42 43 44 45 46 47 48 49 50 51 52 53 54 55 56 57 58 59 60 61 62 63 64 65 66 67 68 69 70 71 72 73 74 75 76 77 78 79 80 81 82 83 84 85 86 87 88 89 90 91 92 93 94 95 96 97 98 99 100 101 102 103 104 105 106 107 108 109 110 111 112 113 114 115 116 117 118 119 120 121 122 123 124 125 126 127 128 129 130 131 132 133 134 135 136 137 138 139 140 141 142 143 144 145 146 147 148 149 150 151 152 153 154 155 156 157 158 159 160 161 162 163 164 165 166 167 168 169 170 171 172 173 174 175 176 177 178 179 180 181 182 183 184 185 186 187 188 189 190 191 192 193 194 195 196 197 198 199 200 201 202 203 204 205 206 207 208 209 210 211 212 213 214 215 216 217 218 219 220 221 222 223 224 225 226 227 228 229 230 231 232 233 234 235 236 237 238 239 240 241 242 243 244 245 246 247 248 249 250 251 252 253 254 255 256 257 258 259 260 261 262 263 264 265 266 267 268 269 270 271 272 273 274 275 276 277 278 279 280 281 282 283 284 285 286 287 288 289 290 291 292 293 294 295 296 297 298 299 300 301 302 303 304 305 306 307 308 309 310 311 312 313 314 315 316 317 318 319 320 321 322 323 384 512 520 324 328 516 528 544 336 352 388 576 392 514 386 524 522 326 530 532 400 330 640 518 332 546 536 338 548 416 340 513 385 521 325 529 329 517 545 337 552 354 390 353 389 578 577 344 393 515 768 394 387 356 525 580 523 327 526 560 531 533 401 396 331 641 519 448 534 402 333 360 584 642 547 537 339 334 549 404 538 417 341 644 592 550 368 418 342 553 355 391 540 579 408 345 648 769 395 554 420 357 581 608 346 527 561 770 397 556 358 582 656 449 424 535 403 361 585 562 348 643 398 772 335 450 362 586 405 672 539 432 564 645 776 593 551 369 452 419 406 343 588 364 541 646 568 409 594 370 704 649 784 456 555 421 542 609 410 347 596 650 372 771 422 800 464 557 359 610 583 657 412 425 652 600 563 376 349 558 399 658 773 612 426 480 451 350 363 587 673 832 433 774 565 660 616 428 777 674 453 434 407 566 589 365 896 664 647 569 624 778 595 454 371 676 705 436 590 785 366 457 570 543 780 411 706 680 440 786 597 651 458 373 572 423 801 708 465 688 611 598 788 413 374 460 653 601 377 712 802 466 792 414 559 659 613 654 602 427 378 720 804 481 468 351 614 833 604 775 736 482 808 380 472 661 617 429 834 816 484 662 675 435 618 567 430 836 897 665 488 625 779 620 840 455 898 677 666 437 496 626 591 367 848 900 571 678 668 438 781 628 707 864 904 681 441 787 782 632 459 573 912 682 442 709 689 574 684 928 599 444 789 375 461 710 690 790 462 713 960 803 467 692 793 415 714 696 655 794 603 379 721 805 716 469 796 722 806 615 470 605 737 483 809 724 381 473 606 738 810 728 382 474 835 817 485 740 812 663 476 619 431 818 486 744 837 489 820 752 838 621 490 824 841 899 622 667 497 492 842 627 498 849 844 901 679 669 439 500 850 629 902 670 865 504 852 905 630 783 866 633 856 906 868 634 913 683 908 443 872 914 636 575 685 929 880 916 445 686 930 920 446 711 691 932 791 463 936 961 693 944 962 694 715 964 697 795 968 698 717 976 700 797 718 992 723 807 798 471 725 726 607 739 811 729 383 475 730 741 813 732 477 742 814 478 819 487 745 746 748 821 753 839 754 822 491 825 623 493 843 499 845 501 851 903 671 505 853 631 867 857 907 869 635 909 873 915 637 881 917 687 931 921 447 933 937 494 502 506 508 510 638 702 734 750 756 758 760 762 764 766 826 828 830 846 854 858 860 862 870 874 876 878 882 884 886 888 890 892 894 910 918 922 924 926 934 938 940 942 946 948 950 952 954 956 958 966 970 972 974 978 980 982 984 986 988 990 994 996 998 1000 1002 1004 1006 1008 1010 1012 1014 1016 1018 1020 1022 945 963 695 965 969 699 977 701 719 993 799 727 731 733 743 815 479 747 749 823 755 827 495 847 503 507 855 859 871 911 875 639 883 919 923 935 509 757 761 765 829 861 877 885 889 893 925 941 949 953 957 973 981 985 989 997 1001 1005 1009 1013 1017 1021 939 947 967 971 979 703 995 735 751 759 831 511 863 879 887 927 763 891 955 987 1003 1011 1019 943 951 975 983 999 767 895 1015 959 991 1007 1023 ];
%% start simulation at 04-Mar-2022 18:18:30%% N, K, L = 700, 525, 8 
%% SNR_db = [4.500000e+00 4.750000e+00 5 5.250000e+00 5.500000e+00 5.750000e+00 6 ];
%% sample number each SNR = 500 


%%% uncode channel llr mean is 5.636766e+00 
