%% start simulation at 04-Mar-2022 20:27:21%% N, K, L = 700, 525, 8 
%% SNR_db = [4.500000e+00 4.750000e+00 5 5.250000e+00 5.500000e+00 5.750000e+00 6 ];
%% sample number each SNR = 500 


%%% uncode channel llr mean is 5.636766e+00 
PolarSeq_1 = [0 1 2 3 4 5 6 7 8 9 10 11 12 13 14 15 16 17 18 19 20 21 22 23 24 25 26 27 28 29 30 31 32 33 34 35 36 37 38 39 40 41 42 43 44 45 46 47 48 49 50 51 52 53 54 55 56 57 58 59 60 61 62 63 64 65 66 67 68 69 70 71 72 73 74 75 76 77 78 79 80 81 82 83 84 85 86 87 88 89 90 91 92 93 94 95 96 97 98 99 100 101 102 103 104 105 106 107 108 109 110 111 112 113 114 115 116 117 118 119 120 121 122 123 124 125 126 127 128 129 130 131 132 133 134 135 136 137 138 139 140 141 142 143 144 145 146 147 148 149 150 151 152 153 154 155 156 157 158 159 160 161 512 513 514 515 516 517 518 519 520 521 522 523 524 525 526 527 528 529 530 531 532 533 534 535 536 537 538 539 540 541 542 543 544 545 546 547 548 549 550 551 552 553 554 555 556 557 558 559 560 561 562 563 564 565 566 567 568 569 570 571 572 573 574 575 576 577 578 579 580 581 582 583 584 585 586 587 588 589 590 591 592 593 594 595 596 597 598 599 600 601 602 603 604 605 606 607 608 609 610 611 612 613 614 615 616 617 618 619 620 621 622 623 624 625 626 627 628 629 630 631 632 633 634 635 636 637 638 639 640 641 642 643 644 645 646 647 648 649 650 651 652 653 654 655 656 657 658 659 660 661 662 663 664 665 666 667 668 669 670 671 672 673 192 256 264 162 164 168 260 272 288 176 196 320 200 258 194 268 208 266 276 274 262 384 166 280 170 290 172 292 768 178 224 257 193 265 273 163 165 261 169 289 180 296 198 177 322 197 321 202 201 324 259 184 195 269 204 209 304 270 267 277 275 210 278 328 263 385 167 281 171 291 704 212 173 386 293 282 674 769 179 225 174 336 294 388 216 181 770 297 199 284 323 226 676 203 182 298 325 772 352 392 185 228 205 305 271 326 680 300 211 186 279 329 776 206 306 400 232 705 213 387 188 330 283 675 688 308 784 706 240 175 337 214 295 416 389 332 217 771 285 227 312 677 708 338 800 390 183 299 218 286 773 353 393 448 229 340 712 220 678 327 681 301 774 832 354 394 187 230 777 344 207 307 720 401 233 302 356 396 682 778 189 331 402 234 689 309 785 896 707 360 241 215 684 780 190 404 417 236 310 333 786 690 313 242 709 368 339 736 418 334 801 408 788 391 219 287 692 314 244 710 420 449 802 341 713 792 696 316 221 679 248 775 450 833 355 424 342 395 804 714 231 345 222 721 452 432 834 808 716 303 357 397 346 683 722 779 456 836 816 403 235 358 398 348 724 897 464 840 361 685 781 191 728 405 898 237 848 311 362 787 480 691 782 243 406 900 238 686 369 364 864 737 419 335 409 904 789 370 693 315 738 245 410 711 790 912 372 421 803 740 246 412 694 793 376 697 422 317 744 249 794 451 928 425 343 318 805 715 752 250 698 796 426 806 223 252 700 960 453 433 835 809 428 717 454 434 347 810 718 723 457 837 817 436 812 359 458 399 838 349 818 440 725 465 841 460 350 820 726 466 842 824 729 899 849 468 844 363 481 730 783 850 472 407 482 732 901 239 687 852 365 865 484 902 856 366 866 488 905 371 868 739 496 906 411 872 791 913 908 373 880 741 914 247 374 413 695 916 377 742 423 414 745 920 378 795 380 929 746 319 753 251 699 748 930 797 427 754 807 932 798 253 701 756 961 936 254 429 760 962 944 702 430 964 455 435 811 719 968 976 437 813 438 814 459 839 819 441 992 442 461 351 821 444 462 727 822 467 843 825 826 469 845 828 470 846 731 851 473 483 474 733 853 476 734 854 485 903 857 367 867 486 858 489 869 497 907 873 909 881 915 375 917 743 415 921 379 381 747 749 931 755 933 799 757 937 255 761 963 945 703 431 965 382 446 478 490 492 494 498 500 502 504 506 508 510 750 758 762 764 766 830 860 862 870 874 876 878 882 884 886 888 890 892 894 910 918 922 924 926 934 938 940 942 946 948 950 952 954 956 958 966 970 972 974 978 980 982 984 986 988 990 994 996 998 1000 1002 1004 1006 1008 1010 1012 1014 1016 1018 1020 1022 969 977 439 815 993 443 445 463 823 827 829 471 847 475 477 735 855 487 859 491 871 499 875 911 883 919 923 383 751 935 939 759 947 763 493 501 505 509 765 861 877 885 889 893 925 941 949 953 957 973 981 985 989 997 1001 1005 1009 1013 1017 1021 967 971 979 995 447 831 479 863 495 503 879 887 927 507 891 955 987 1003 1011 1019 943 951 767 975 983 999 511 895 1015 959 991 1007 1023 ];
%%% uncode channel llr mean is 5.970765e+00 
