%% start simulation at 22-Feb-2022 15:28:29%% N, K, L = 768, 192, 8 
%% SNR_db = [-3 -2.750000e+00 -2.500000e+00 -2.250000e+00 -2 -1.750000e+00 -1.500000e+00 ];
%% sample number each SNR = 500 


%%% uncode channel llr mean is 1.002374e+00 
PolarSeq_1 = [768 769 770 771 772 773 774 775 776 777 778 779 780 781 782 783 784 785 786 787 788 789 790 791 792 793 794 795 796 797 798 799 800 801 802 803 804 805 806 807 808 809 810 811 812 813 814 815 816 817 818 819 820 821 822 823 824 825 826 827 828 829 830 831 832 833 834 835 836 837 838 839 840 841 842 843 844 845 846 847 848 849 850 851 852 853 854 855 856 857 858 859 860 861 862 863 864 865 866 867 868 869 870 871 872 873 874 875 876 877 878 879 880 881 882 883 884 885 886 887 888 889 890 891 892 893 894 895 896 897 898 899 900 901 902 903 904 905 906 907 908 909 910 911 912 913 914 915 916 917 918 919 920 921 922 923 924 925 926 927 928 929 930 931 932 933 934 935 936 937 938 939 940 941 942 943 944 945 946 947 948 949 950 951 952 953 954 955 956 957 958 959 960 961 962 963 964 965 966 967 968 969 970 971 972 973 974 975 976 977 978 979 980 981 982 983 984 985 986 987 988 989 990 991 992 993 994 995 996 997 998 999 1000 1001 1002 1003 1004 1005 1006 1007 1008 1009 1010 1011 1012 1013 1014 1015 1016 1017 1018 1019 1020 1021 1022 1023 0 8 16 24 32 40 48 64 72 80 88 96 104 112 128 136 144 152 160 168 176 192 200 208 224 256 264 272 280 288 296 304 320 328 336 352 384 392 400 512 520 528 536 544 552 576 640 4 20 36 52 56 68 84 100 132 148 164 184 196 216 260 276 292 324 388 416 516 532 548 560 580 584 180 212 592 228 232 116 120 644 12 76 140 268 44 524 172 204 648 308 108 448 240 300 312 608 340 332 656 344 28 156 92 284 356 396 2 18 34 66 82 98 130 146 162 194 258 274 290 322 386 514 530 546 50 578 178 210 226 114 642 10 74 138 266 522 42 202 170 306 106 298 338 330 556 540 26 154 90 282 354 404 394 554 538 360 402 564 672 562 58 60 586 408 588 6 38 70 134 166 198 262 518 102 294 326 22 150 86 278 390 418 550 534 218 54 186 582 568 420 594 214 182 220 368 188 234 230 596 118 122 646 236 14 78 142 270 526 46 704 206 650 174 310 424 110 450 242 124 314 302 610 1 17 33 49 65 81 97 129 145 161 177 193 209 257 273 289 321 385 513 529 545 577 9 41 73 105 113 137 169 201 225 265 305 521 641 297 329 337 25 153 89 281 353 393 553 537 401 561 57 585 5 37 69 133 165 197 261 517 101 293 325 21 149 85 277 389 417 549 533 217 53 185 581 593 213 181 233 229 117 342 600 121 645 13 77 141 269 525 45 334 652 205 649 173 309 109 449 241 313 301 609 341 333 452 244 316 658 612 657 346 345 29 157 93 30 158 285 94 286 432 357 397 3 35 67 99 131 163 195 259 291 515 19 83 147 275 323 387 547 531 51 579 211 179 227 115 358 643 11 75 139 267 523 43 203 171 307 107 299 339 331 398 557 541 27 155 91 283 355 660 405 395 348 555 558 539 361 403 456 542 248 565 673 406 563 616 59 61 362 587 409 566 589 674 7 71 135 263 39 519 167 199 103 295 327 23 151 87 279 391 419 551 535 62 219 55 187 583 569 421 664 595 215 410 183 221 369 590 189 364 235 231 597 464 119 676 570 422 624 123 647 222 370 237 15 79 143 271 190 527 47 705 207 651 175 311 425 412 111 598 451 243 125 315 303 611 343 601 238 572 335 653 706 426 372 680 453 480 245 317 659 126 613 347 31 159 95 602 287 654 433 359 708 399 454 428 246 318 661 614 349 376 559 457 543 249 688 407 434 617 604 363 567 675 662 350 712 63 458 250 665 618 411 591 436 365 465 677 571 423 625 223 371 191 460 666 252 720 620 413 366 599 440 466 678 626 239 573 707 427 373 681 668 414 481 127 736 468 603 655 574 628 374 682 709 455 429 247 482 319 615 377 689 472 435 632 605 710 684 430 484 663 351 378 713 459 690 251 619 606 437 488 714 380 692 461 667 438 253 721 621 367 441 716 467 496 679 627 696 462 254 722 622 669 415 442 737 469 724 575 629 670 375 444 683 483 738 470 630 728 473 633 711 740 685 431 485 379 474 691 634 744 686 607 486 476 636 489 752 715 381 693 439 490 382 694 717 497 492 697 463 255 723 623 718 498 698 443 500 700 725 671 504 445 726 739 471 446 631 729 730 741 732 742 475 635 745 687 487 746 477 637 753 748 478 638 754 491 383 756 695 760 493 494 719 499 699 501 701 502 702 505 727 506 508 447 731 733 743 734 747 749 479 750 639 755 757 758 761 762 764 495 503 703 507 509 735 510 766 751 759 763 765 511 767 ];
%%% uncode channel llr mean is 1.061769e+00 
