ips = [
   0,    1,    2,    4,    8,   16,   32,  512,   64,  128,  256,  768,  257,  129,   65,   33,   17,  513,  258,  130,   66,  514,  260,    3,  516,  132,  264,    5,  640,    6,    9,  520, ...
   10,  272,  136,   12,   18,  528,   20,  288,   34,   24,    7,  544,   36,   68,   11,   40,  144,  320,   48,   13,  576,   19,   14,   72,  160,   21,  384,   80,   22,   35,  192,   25, ...
   96,  800,   37,   26,  644,  577,   38,   67,   28,  545,   41,  386,  529,   15,   42,  321,   69,   49,  784,  385,   44,   70,  131,  641,   50,   23,   73,  322,  578,   52,   74,  133, ...
   27,   81,   76,   56,  134,  259,   39,  769,   82,  642,  137,   29,   97,  388,   84,  138,   30,  261,   43,   98,  515,  145,   88,  140,  262,   45,   71,  100,  146,  772,   51,  265, ...
  580,   46,  161,  104,  148,  266,   75,   53,  517,  162,  273,  770,  152,  112,  268,   54,   77,  193,  518,  135,  164,   57,  274,   83,   78,  521,  194,   58,  289,   31,  168,  276, ...
  648,   85,  139,  522,   60,  196,  290,   86,  392,   99,  176,  280,  524,   89,  776,  141,  200,  292,  263,  530,   47,   90,  147,  101,  142,  656,  324,  208,  296,  102,   92,  532, ...
  149,  105,  546,  267,   55,  400,  896,  150,  163,  304,  106,  224,  536,   79,  153,  584,  672,  113,  269,  328,  548,  108,  519,   59,  154,  165,  275,  270,  114,  416,   87,  832, ...
  166,  156,  195,  336,   61,  116,  552,  169,  277,  523,   62,  592,  704,  170,  197,  143,   91,  448,  278,  120,  291,  177,  352,  281,  560,  103,  172,  198,  525,  293,   93,  178, ...
  201,  282,  151,  608,  531,  526,  960,  836,   94,  107,  294,  180,  202,  284,  323,  297,  801,  209,  785,  155,  533,  204,  184,  109,  705,  449,  167,  271,  298,  325,  210,  534, ...
  115,  547,  928,  110,  157,  305,  673,  225,  537,  300,  326,  212,  387,  158,  171,   63,  833,  117,  306,  706,  279,  329,  549,  538,  226,  802,  216,  389,  118,  308,  330,  173, ...
  199,  674,  550,  540,  228,  579,  121,  337,  898,  179,  283,  553,  174,  332,  312,  390,  122,  643,  295,   95,  232,  338,  203,  527,  393,  554,  181,  285,  581,  124,  353,  561, ...
  771,  340,  394,  240,  556,  182,  286,  205,  582,  299,  401,  834,  354,  185,  708,  562,  585,  211,  535,  344,  206,  111,  396,  897,  301,  327,  186,  356,  402,  564,  586,  159, ...
  645,  307,  213,  302,  417,  593,  119,  188,  539,  360,  404,  588,  568,  331,  646,  214,  227,  804,  309,  773,  551,  594,  418,  217,  649,  408,  368,  541,  609,  310,  175,  900, ...
  333,  218,  123,  596,  229,  420,  391,  650,  313,  450,  542,  339,  840,  334,  555,  610,  230,  220,  657,  452,  314,  600,  125,  652,  424,  287,  233,  774,  183,  341,  395,  612, ...
  557,  583,  658,  316,  712,  126,  777,  234,  207,  342,  432,  355,  563,  558,  904,  241,  616,  660,  345,  397,  778,  456,  236,  187,  587,  303,  848,  242,  346,  403,  357,  565, ...
  398,  720,  664,  624,  780,  215,  464,  358,  912,  566,  348,  189,  589,  244,  676,  405,  647,  786,  361,  569,  311,  595,  190,  590,  808,  406,  419,  864,  248,  362,  219,  570, ...
  480,  335,  680,  409,  543,  788,  369,  597,  231,  651,  364,  572,  421,  315,  410,  736,  221,  598,  611,  816,  370,  343,  688,  601,  653,  422,  792,  412,  222,  451,  235,  317, ...
  127,  775,  559,  964,  659,  425,  613,  602,  654,  372,  930,  913,  318,  399,  237,  614,  426,  347,  604,  453,  865,  661,  376,  617,  779,  243,  567,  992,  238,  737,  433,  359, ...
  428,  662,  454,  675,  849,  591,  618,  905,  349,  191,  665,  434,  457,  407,  245,  781,  738,  625,  929,  571,  620,  350,  677,  666,  363,  787,  246,  866,  436,  458,  782,  707, ...
  626,  599,  249,  678,  668,  465,  411,  961,  573,  460,  440,  365,  850,  681,  628,  789,  423,  914,  250,  223,  466,  574,  371,  366,  682,  655,  603,  413,  709,  790,  803,  632, ...
  481,  252,  689,  835,  615,  793,  468,  414,  684,  427,  319,  710,  373,  932,  605,  482,  690,  713,  805,  794,  663,  472,  962,  239,  374,  429,  606,  455,  619,  692,  806,  714, ...
  484,  796,  377,  868,  435,  809,  430,  721,  667,  716,  696,  899,  378,  621,  351,  488,  247,  459,  679,  810,  783,  837,  722,  437,  627,  622,  817,  380,  669,  968,  812,  496, ...
  838,  916,  724,  438,  936,  461,  670,  575,  818,  683,  841,  629,  441,  251,  791,  740,  467,  462,  367,  728,  630,  820,  842,  442,  901,  685,  711,  872,  415,  633,  976,  253, ...
  469,  691,  795,  844,  686,  824,  444,  902,  634,  375,  254,  744,  807,  470,  944,  607,  483,  715,  880,  693,  473,  797,  852,  636,  752,  431,  906,  811,  379,  694,  798,  474, ...
  485,  717,  920,  697,  856,  723,  623,  486,  908,  476,  718, 1008,  381,  813,  839,  978,  489,  439,  671,  698,  969,  382,  819,  945,  463,  490,  814,  725,  631,  994,  497,  700, ...
  843,  443,  726,  739,  937,  492,  881,  821,  729,  498,  471,  977,  822,  845,  687,  946,  445,  882,  635,  903,  741,  730,  255,  851,  825,  993,  846,  500,  867,  446,  742,  732, ...
  799,  475,  826,  637,  970,  745,  853,  695,  907,  504,  487,  915,  828,  638,  854,  719,  931,  746,  477,  980,  857,  909,  753,  869,  699,  748,  478,  491,  815,  948,  383,  996, ...
  858,  910,  917,  754,  727,  870,  701,  860,  493,  873,  756,  972,  823,  933,  499,  702,  494,  918, 1000,  731,  847,  874,  760,  921,  952,  447,  743,  984,  501,  827,  876,  884, ...
  922,  733,  963,  502,  855,  934,  924,  734,  938,  747,  829,  639,  505,  888,  965,  830,  749,  911,  479,  506,  940,  859,  966,  755,  750,  871, 1010, 1002,  508,  985, 1009,  861, ...
  703,  919,  757,  953,  986,  875,  495,  862,  758, 1001,  954,  923,  761, 1016,  877,  883,  935,  988,  735,  762,  967,  503, 1004,  925,  878,  885,  764,  939,  926,  956,  831,  979, ...
  507, 1012,  751,  886,  941,  889,  971,  995,  947,  890,  942,  509,  863,  981,  997,  759,  510,  949,  973,  892,  982,  950,  763,  998,  879,  974, 1020, 1018,  927, 1017,  975,  765, ...
  887,  999,  943, 1011,  983,  766,  951,  891, 1003,  987,  955,  511, 1013,  893, 1005,  989,  957,  894, 1014, 1006,  990,  958,  895,  959, 1007,  767, 1015, 1019, 1021,  991, 1022, 1023 
];
