ips_1024_10 = [
    0,    1,    2,    4,    8,   16,   32,  512,   64,  128,  256,  514,  258,  129,  768,  257,    3,  130,    5,  513,    6,    9,  260,   10,   17,   12,  516,   18,   33,   20,   34,   24, ...
   65,   36,    7,   66,   40,  520,   68,   48,   11,  264,   72,  528,   13,  132,   80,   19,   14,  272,  136,   96,   21,  576,  288,  144,   22,   35,   25,  544,  320,   26,   37,  160, ...
   38,   28,   67,   41,  640,  384,   42,   69,   15,   49,   70,   44,  192,  131,  896,   50,   73,  642,   23,   52,   74,  133,  577,   81,  529,   76,   56,   27,  134,  259,   82,   39, ...
  137,  770,   29,   97,   84,  138,  641,  261,   30,   98,  145,   43,  385,   88,  140,  262,  100,  146,  515,  265,   45,   71,  161,  148,   51,  104,   46,  769,  266,  517,  162,   75, ...
  273,   53,  152,  112,  268,  193,  518,  164,  274,   54,  644,   77,  521,  135,   57,  194,  289,   83,   78,  168,  276,   58,  522,  196,  290,   31,  772,   85,   60,  176,  280,  139, ...
  524,  321,  292,  200,   86,   99,  530,   89,  141,  322,  263,  545,  296,  208,   47,  532,   90,  101,  147,  142,  386,  324,  546,  102,   92,  304,  536,  224,  105,  149,  578,  267, ...
  776,  328,  548,   55,  150,  106,  163,  153,  113,  388,  269,   79,  648,  108,  336,  552,  519,  165,  154,  114,  275,  270,   59,  784,  580,  392,  166,  156,  195,  116,  560,  352, ...
  169,   61,   87,  277,  656,  523,  584,  120,   62,  400,  170,  197,  278,  291,  177,  281,  143,   91,  800,  525,  172,  198,  672,  178,  201,  592,  103,  282,  293,   93,  416,  531, ...
  526,  323,  202,  294,  180,  284,  151,   94,  832,  297,  209,  107,  704,  533,  204,  184,  155,  608,  298,  210,  109,  325,  534,  547,  305,  271,  225,  167,  157,  115,  110,  448, ...
  537,  300,  326,  212,  387,  960,  158,  306,   63,  329,  549,  171,  117,  226,  279,  538,  834,  216,  118,  308,  330,  389,  550,  173,  228,  199,  540,  801,  579,  121,  337,  900, ...
  553,  332,  179,  312,  283,  174,  390,  232,  122,  338,  705,  393,  554,  295,   95,  581,  527,  203,  353,  181,  285,  124,  561,  833,  340,  240,  394,  556,  582,  182,  286,  643, ...
  205,  354,  299,  401,  562,  585,  185,  771,  344,  396,  211,  535,  206,  111,  356,  402,  186,  564,  586,  301,  645,  327,  897,  159,  417,  593,  213,  360,  404,  188,  307,  302, ...
  588,  568,  646,  539,  836,  214,  418,  119,  594,  227,  649,  331,  408,  309,  217,  368,  551,  773,  609,  449,  541,  420,  596,  650,  310,  175,  218,  229,  657,  333,  610,  313, ...
  391,  123,  898,  450,  542,  424,  600,  652,  339,  334,  230,  220,  555,  774,  314,  612,  233,  658,  125,  452,  777,  287,  432,  316,  341,  183,  673,  395,  557,  126,  234,  583, ...
  660,  616,  778,  456,  241,  342,  355,  207,  563,  558,  674,  236,  345,  785,  397,  664,  624,  780,  242,  464,  187,  706,  303,  346,  357,  587,  403,  565,  398,  676,  786,  244, ...
  358,  566,  348,  215,  189,  904,  802,  589,  480,  361,  405,  569,  680,  647,  788,  248,  190,  595,  590,  406,  311,  708,  570,  362,  419,  840,  219,  409,  369,  792,  688,  335, ...
  572,  364,  543,  912,  597,  651,  231,  804,  410,  421,  370,  712,  221,  315,  598,  611,  422,  412,  848,  451,  601,  222,  653,  372,  808,  425,  775,  343,  317,  127,  720,  235, ...
  559,  602,  613,  659,  654,  426,  376,  318,  928,  453,  614,  604,  864,  347,  237,  399,  433,  661,  617,  428,  454,  779,  816,  243,  238,  359,  567,  675,  434,  457,  662,  665, ...
  618,  591,  349,  736,  191,  407,  245,  781,  625,  992,  620,  930,  571,  350,  666,  677,  436,  458,  363,  246,  787,  782,  626,  465,  599,  249,  913,  678,  668,  707,  411,  460, ...
  440,  573,  628,  365,  681,  865,  789,  250,  466,  423,  223,  574,  371,  961,  366,  682,  709,  413,  603,  655,  790,  632,  481,  803,  252,  929,  468,  689,  793,  615,  684,  414, ...
  710,  319,  482,  373,  427,  835,  605,  690,  713,  794,  805,  472,  663,  374,  239,  484,  606,  692,  429,  714,  455,  806,  796,  377,  899,  619,  962,  809,  721,  435,  430,  488, ...
  716,  696,  378,  667,  810,  621,  722,  837,  351,  247,  932,  459,  783,  380,  437,  679,  817,  496,  737,  627,  622,  669,  812,  838,  724,  841,  438,  818,  901,  461,  738,  670, ...
  441,  575,  629,  728,  251,  683,  467,  462,  820,  791,  842,  367,  849,  740,  442,  630,  964,  633,  253,  685,  415,  844,  711,  824,  902,  469,  444,  744,  850,  634,  691,  686, ...
  795,  905,  254,  470,  483,  375,  866,  607,  752,  473,  807,  852,  636,  906,  715,  693,  797,  968,  431,  936,  474,  485,  694,  798,  856,  908,  717,  379,  697,  486,  476,  811, ...
  868,  914,  723,  718,  623,  489,  698,  381,  976,  813,  839,  916,  439,  671,  382,  872,  725,  490,  700,  819,  814,  497,  463,  944,  726,  739,  631,  492,  843,  920,  821,  729, ...
  443,  498,  471,  880,  822,  687,  845,  445,  635,  996,  730,  741,  903,  500,  255,  825,  977,  851,  846,  446,  742,  732,  969,  826,  475,  504,  637,  799,  745,  945,  695,  853, ...
  907,  487,  828,  638,  993,  746,  719,  854,  867,  477,  931,  753,  857,  909,  748,  699,  478,  978,  383,  815,  491,  915,  858,  869,  910,  754,  727,  870,  860,  994,  701,  756, ...
  493,  917,  873,  823,  702,  499,  494,  918,  760,  933,  963,  874,  731,  847,  921,  881,  447,  743,  876,  501,  922,  980,  827,  733,  882,  502,  934,  924,  734,  937,  505,  855, ...
  884,  829, 1000,  639,  747,  506,  830,  888,  938,  965,  479,  749,  911,  859,  946,  508,  940,  966,  755,  750,  871, 1008,  948,  861,  703,  919,  757,  862,  984,  970,  495,  875, ...
  758,  952,  761,  923,  972, 1012,  877,  935,  762,  735,  503, 1001,  883,  878,  925,  985,  764, 1009,  926,  831,  939,  885,  979,  507, 1002,  751,  886,  941,  967,  947,  889, 1010, ...
  509,  942,  890, 1004,  863,  510,  759,  971,  949,  892,  981,  950,  973,  953,  763, 1016,  974,  879,  954,  765,  927,  995,  956,  766,  982,  887,  986,  997,  943,  988,  891,  998, ...
 1020,  511, 1018,  893, 1017,  951,  894,  975,  999, 1011,  955,  983, 1003,  987,  957,  767, 1013,  958, 1005,  989, 1014, 1006,  990,  895, 1007,  959, 1015, 1019, 1021,  991, 1022, 1023 
];
