ips = [
   0,    1,    2,    4,    8,   16,   32,  512,   64,  128,  256,  768,  257,  129,   65,   33,   17,  513,  258,  130,   66,  514,  260,    3,  516,  132,  264,  640,   68,  136,  520,    5, ...
  272,  528,    6,    9,  288,   10,  144,   12,  576,   18,   34,   20,  384,  544,    7,   24,   72,   36,   11,  160,   40,   13,  320,  192,   19,   48,   14,   80,   96,   21,  896,  644, ...
   22,   35,  578,   25,  545,  385,   37,   26,  529,   38,  321,   67,   28,  832,  289,   41,  641,   15,  273,   42,   69,  577,   49,  131,   44,   70,  386,  772,   23,   50,   73,  546, ...
   74,   52,  322,  133,  145,   27,   81,   76,   56,  134,   39,  642,  259,   82,  137,  769,   29,   97,   84,  138,   30,   43,  515,  261,   98,  388,   88,  140,   45,   71,  193,  262, ...
  100,  146,  580,   51,   46,  265,  770,  161,  104,  148,   75,  266,   53,  517,  162,  648,  392,  152,  112,   54,   77,  268,  135,  324,   57,   83,  518,   78,  164,  274,  521,   58, ...
   31,  194,  800,  168,   85,  276,  139,  656,  522,   60,  196,  290,   86,   99,  400,  176,  280,   89,  141,  524,  776,  263,   47,  200,  147,   90,  101,  142,  292,  530,  102,  584, ...
   92,  704,  149,  208,  296,  105,  532,  267,   55,  328,  416,  150,  163,  784,  106,   79,  304,  224,  153,  536,  269,  113,  592,  108,   59,  548,  154,  165,  519,  275,  672,  270, ...
  114,   87,  448,  166,  156,  195,   61,  336,  169,  608,  116,  277,  552,   62,  352,  523,  143,  170,   91,  197,  278,  291,  120,  560,  177,  281,  103,  960,  836,  172,  198,  525, ...
  802,   93,  293,  151,  178,  282,  201,  785,  531,  705,  526,  107,   94,  449,  294,  928,  202,  180,  284,  323,  297,  209,  155,  673,  533,  417,  204,  109,  184,  833,  167,  657, ...
  271,  298,  325,  210,  115,  534,  110,  547,  157,  305,  801,  225,  300,  537,  326,  387,  212,  171,  158,  706,   63,  117,  306,  279,  329,  450,  898,  549,  538,  226,  579,  216, ...
  118,  674,  173,  308,  199,  330,  389,  550,  540,  121,  786,  228,  179,  337,  283,  174,  553,  332,  312,  390,  295,   95,  581,  122,  203,  338,  232,  527,  834,  393,  554,  181, ...
  285,  643,  124,  353,  561,  897,  340,  394,  182,  286,  556,  205,  299,  240,  582,  708,  585,  354,  185,  401,  562,  211,  771,  535,  111,  206,  344,  396,  301,  327,  186,  586, ...
  159,  356,  402,  564,  307,  645,  302,  213,  804,  593,  119,  900,  539,  188,  360,  404,  588,  331,  568,  214,  646,  227,  309,  609,  551,  840,  594,  217,  418,  649,  408,  368, ...
  541,  310,  175,  333,  712,  123,  452,  218,  229,  391,  596,  313,  420,  650,  339,  542,  334,  555,  773,  230,  220,  610,  314,  904,  456,  287,  848,  125,  600,  233,  652,  424, ...
  183,  341,  774,  395,  557,  583,  612,  316,  658,  126,  676,  234,  777,  207,  342,  355,  563,  558,  432,  720,  345,  241,  397,  616,  660,  236,  187,  778,  587,  303,  912,  403, ...
  346,  357,  565,  398,  242,  464,  215,  816,  664,  624,  358,  566,  348,  780,  189,  589,  864,  405,  736,  647,  244,  361,  569,  680,  311,  595,  590,  480,  190,  406,  419,  219, ...
  362,  570,  335,  543,  808,  248,  409,  597,  788,  651,  231,  369,  688,  315,  792,  976,  364,  572,  421,  410,  598,  221,  611,  932,  343,  370,  601,  653,  913,  422,  865,  412, ...
  235,  222,  451,  964,  317,  127,  559,  775,  659,  425,  613,  602,  654,  737,  372,  849,  318,  905,  237,  399,  614,  426,  604,  347,  661,  453,  243,  721,  617,  567,  779,  238, ...
  376,  433,  929,  359,  841,  662,  428,  675,  454,  591,  618,  738,  349,  191,  665,  961,  434,  407,  245,  457,  781,  625,  809,  571,  866,  620,  677,  363,  666,  350,  787,  246, ...
  436,  458,  782,  707,  599,  626,  914,  678,  249,  668,  411,  850,  465,  573,  460,  365,  681,  440,  789,  930,  423,  628,  223,  250,  574,  466,  803,  371,  655,  366,  682,  413, ...
  603,  709,  790,  962,  632,  481,  252,  689,  615,  793,  868,  468,  427,  414,  684,  319,  710,  373,  899,  605,  690,  482,  663,  805,  713,  794,  472,  239,  374,  835,  429,  455, ...
  606,  619,  806,  692,  714,  796,  740,  377,  484,  435,  430,  968,  667,  817,  716,  621,  696,  378,  351,  916,  488,  679,  247,  459,  783,  810,  837,  722,  437,  627,  622,  669, ...
  936,  380,  872,  812,  838,  438,  461,  724,  496,  992,  670,  575,  683,  818,  629,  744,  791,  901,  441,  251,  467,  944,  367,  462,  728,  630,  820,  842,  685,  711,  442,  415, ...
  852,  633,  880,  253,  691,  469,  752,  795,  686,  844,  375,  824,  902,  444,  807,  607,  634,  470,  254,  483,  715,  920,  906,  797,  693,  856,  473,  636,  431,  908,  379,  811, ...
  485,  717,  798,  474, 1008,  694,  978,  969,  623,  723,  486,  697,  945,  476,  996,  718,  381,  489,  813,  439,  839,  881,  937,  671,  698,  819,  382,  463,  873,  725,  814,  977, ...
  490,  631,  843,  497,  921,  700,  443,  726,  739,  492,  821,  946,  993,  729,  471,  498,  882,  845,  822,  687,  445,  635,  741,  903,  970,  730,  753,  851,  825,  255,  846,  938, ...
  500,  446,  867,  742,  732,  799,  475,  826,  637,  853,  745,  907,  695,  980,  487,  504,  948,  828,  638,  854,  719,  994,  746,  477,  857,  884,  909,  915,  699,  972,  491,  815, ...
  478,  748,  931,  869,  383,  858,  910,  727,  754, 1000,  870,  701,  860,  493,  917,  952,  823,  756,  499,  984,  702,  494,  918,  874,  731,  847,  963,  933,  760,  743,  447,  888, ...
  501,  827,  922,  876,  940,  733,  965,  855,  924,  502,  747,  934,  829,  734,  966,  639, 1016,  505, 1002,  830,  749,  986,  479,  911,  506,  859, 1012,  953,  755,  750,  871,  985, ...
 1001,  889,  954,  508,  861,  703,  919,  757, 1009,  988,  875,  495,  862,  758,  956,  883,  923,  761,  967,  877,  935, 1004,  979,  735, 1010,  762,  503,  925,  939,  878,  885,  947, ...
  764,  926,  831,  971,  890,  507,  995,  751,  941,  981,  886,  997,  949,  973,  942,  509,  892,  863,  982,  998,  759,  950,  510,  974, 1020, 1018, 1017,  927,  879,  763,  975,  999, ...
  943, 1011,  983,  951,  765,  887, 1003,  987,  955,  891,  766, 1013, 1005,  989,  957,  893,  511, 1014, 1006,  990,  958,  894,  895, 1007, 1015,  959, 1019, 1021,  991,  767, 1022, 1023 
];
