ips = [
   0,    1,    2,    4,    8,   16,   32,  512,   64,  128,  256,  768,  257,  129,   65,   33,   17,  513,  258,  130,   66,  514,  260,   34,  516,  132,  264,  640,    3,   68,  520,  136, ...
 272,    5,  576,   72,  288,  528,    6,  144,    9,   10,  320,  544,   12,   18,  160,  384,   20,    7,   80,   24,   36,  192,   11,   96,   40,   48,   13,   19,  896,  648,   14,  578, ...
 545,   21,  385,   22,   35,  529,  321,   25,  832,   37,  289,   26,  642,  273,   38,   67,   28,  577,  193,   41,  386,   15,  800,   42,  131,   69,  546,   49,   44,   70,  322,   73, ...
  23,   50,  194,  641,  388,   74,   52,  133,  769,   27,  259,   81,   76,   56,   39,  134,  515,  324,   82,   29,  137,  580,   97,   43,   30,   84,  138,  261,   98,  770,  145,   88, ...
  45,   71,  140,  262,  644,  100,   51,  146,  392,   46,  265,  517,  161,   75,  104,  148,  266,   53,  772,  162,  584,   54,   77,  152,  112,  135,  268,   83,   57,  672,   78,  400, ...
 518,  164,  274,  521,   31,   58,  290,  776,   85,  168,  139,  276,  196,  522,   60,   86,  328,   99,  656,  141,   89,  416,  176,  280,  263,   47,  524,  147,  101,   90,  142,  784, ...
 200,  292,  530,  102,   92,  548,  149,  592,  208,  105,  296,  267,   55,  532,  150,  336,  163,  704,   79,  106,  153,  448,  269,  304,  113,  224,   59,  108,  165,  154,  536,  519, ...
 275,  608,  270,  114,   87,  552,  352,  166,  195,  156,   61,  560,  169,  277,  116,   62,  928,  836,  523,  143,  802,  170,   91,  197,  278,  291,  785,  120,  177,  103,  281,  706, ...
 172,  198,  449,  525,  912,   93,  151,  293,  178,  201,  282,  673,  417,  531,  107,  526,   94,  834,  294,  657,  202,  180,  284,  323,  450,  297,  155,  209,  533,  801,  109,  204, ...
 705,  184,  167,  271,  298,  325,  609,  115,  210,  387,  534,  110,  157,  547,  305,  300,  537,  225,  326,  898,  171,  158,  674,  212,  786,   63,  117,  279,  306,  329,  452,  549, ...
 579,  538,  226,  833,  216,  118,  173,  199,  308,  330,  643,  389,  550,  540,  121,  897,  179,  283,  228,  337,  174,  553,  332,  312,  295,  390,   95,  122,  203,  708,  338,  527, ...
 232,  393,  554,  181,  285,  581,  771,  124,  353,  561,  340,  299,  286,  182,  205,  394,  676,  556,  582,  240,  804,  185,  354,  211,  401,  535,  562,  111,  206,  585,  344,  301, ...
 327,  396,  960,  159,  186,  356,  307,  402,  564,  586,  302,  213,  645,  840,  119,  593,  539,  712,  188,  331,  360,  404,  588,  214,  568,  227,  646,  309,  551,  773,  217,  594, ...
 418,  900,  649,  541,  310,  333,  175,  408,  368,  123,  229,  391,  218,  610,  313,  464,  339,  596,  334,  555,  542,  650,  420,  848,  230,  220,  816,  314,  287,  720,  125,  904, ...
 612,  233,  600,  652,  183,  341,  424,  395,  557,  583,  774,  316,  658,  126,  777,  207,  342,  234,  355,  563,  456,  558,  680,  345,  397,  432,  241,  864,  187,  587,  236,  303, ...
 616,  660,  403,  357,  565,  346,  398,  778,  736,  242,  215,  480,  808,  358,  566,  589,  189,  664,  348,  624,  780,  405,  647,  244,  361,  569,  595,  311,  788,  590,  190,  688, ...
 419,  406,  792,  219,  964,  335,  543,  362,  570,  409,  597,  651,  231,  248,  932,  913,  369,  315,  865,  421,  976,  572,  364,  410,  598,  611,  221,  737,  343,  601,  849,  653, ...
 370,  905,  422,  235,  412,  222,  451,  317,  721,  559,  775,  127,  659,  930,  613,  425,  602,  654,  841,  372,  713,  318,  237,  817,  614,  399,  604,  426,  347,  661,  453,  243, ...
 617,  779,  567,  962,  238,  376,  433,  359,  866,  738,  662,  675,  428,  454,  591,  618,  349,  665,  191,  914,  407,  245,  434,  457,  781,  850,  625,  571,  677,  363,  620,  666, ...
 929,  350,  707,  787,  246,  458,  436,  782,  803,  599,  626,  678,  961,  249,  411,  668,  868,  573,  465,  365,  681,  460,  789,  440,  423,  628,  574,  223,  250,  740,  371,  655, ...
 466,  366,  682,  413,  603,  906,  709,  790,  481,  632,  805,  689,  615,  252,  793,  427,  468,  414,  684,  835,  319,  710,  373,  605,  968,  663,  690,  916,  794,  852,  482,  239, ...
 374,  472,  429,  455,  619,  606,  806,  809,  714,  692,  796,  936,  377,  435,  484,  430,  744,  667,  872,  621,  716,  696,  351,  378,  679,  459,  783,  247,  992,  810,  488,  837, ...
 627,  437,  722,  622,  669,  899,  380,  812,  818,  838,  461,  438,  683,  724,  670,  944,  575,  496,  629,  791,  880,  752,  251,  467,  441,  920,  367,  820,  462,  630,  728,  685, ...
 711,  842,  856,  415,  442,  901,  633,  469,  253,  691,  795,  824,  908,  686,  375,  844,  807,  902,  470,  607,  444,  483,  994,  715,  634,  254,  980,  797,  473,  693,  969,  946, ...
 636,  431,  379,  881,  811,  485,  474,  798,  717,  993,  694,  937,  723,  486,  873,  476,  623,  697,  753,  381,  718,  977,  489,  813,  839,  439,  921,  945,  671,  819,  698,  382, ...
 463,  725,  814,  882,  490, 1000,  843,  631,  497,  443,  700,  726,  739,  970,  821,  492,  938,  867,  729,  471,  498,  845,  903,  822,  445,  687,  635,  741,  851,  730,  978,  745, ...
 948,  825,  255,  846, 1008,  446,  500,  884,  742,  475,  799,  732,  826,  637,  853,  907,  915,  695,  487,  754,  504,  972,  854,  828,  940,  638,  719,  746,  477,  857,  909,  869, ...
 996,  699,  491,  815,  917,  478,  888,  748,  952,  858,  910,  383,  727,  984,  756,  870,  701,  493,  860,  931,  963,  823,  499,  702,  874,  918,  922,  494,  731,  760,  847,  965, ...
 933,  743,  876,  447,  827,  501,  924,  966,  733,  934, 1009, 1002,  747,  855,  502,  734,  988,  829, 1010,  953,  639,  889,  505,  985,  749,  830, 1001,  911,  479,  859,  954,  506, ...
 871,  755,  750, 1012,  956,  890,  986,  967,  508,  861,  703,  919,  757,  935, 1004,  875,  495,  862,  758,  883,  979,  923,  761,  947,  877, 1016,  939,  971,  735,  995,  762,  925, ...
 503,  885,  878,  981,  949,  764,  926,  997,  831,  973,  507,  751,  941,  886,  892,  982,  950,  998,  974,  509,  942,  863, 1017, 1018, 1020,  927,  759,  510,  975,  999,  943,  879, ...
1011,  983,  951,  887,  763, 1003,  987,  955,  891,  765, 1013, 1005,  989,  957,  893,  766, 1014, 1006,  990,  958,  894,  511,  895,  959, 1007, 1015, 1019, 1021,  991,  767, 1022, 1023
];
