ips = [
    0,    1,    2,    4,    8,   16,   32,  512,   64,  128,  256,  516,    3,  257,    5,  514,    6,    9,   10,  513,   17,   12,   18,   33,   20,   34,   24,   65,   36,   66,   40,  129, ...
    7,   68,   48,  130,   72,   11,  258,  132,   80,   13,  520,  136,   96,   19,   14,  260,  768,  144,   21,  264,   35,   22,  528,  160,   25,  272,   37,   26,  640,  192,   38,   67, ...
   28,   41,  544,  288,   42,   69,   49,  576,   70,   44,  131,   15,   73,   50,  320,   74,   52,  133,  134,   81,   23,   76,   56,  384,  259,   27,   82,  137,  772,   39,   97,   84, ...
   29,  138,  261,  641,   98,  145,   30,   88,  140,  262,   43,  100,  146,  515,  265,  770,  161,   45,   71,  148,  104,  266,   51,   46,  517,  162,  273,  152,  268,  112,  769,  193, ...
   75,   53,  518,  164,  274,  521,   54,  194,  289,   77,  168,   57,  276,  135,  522,   83,   78,  290,  196,   58,  529,  280,  176,  524,  321,   60,   31,  292,  200,   85,  139,  530, ...
  322,   86,   99,  545,  296,  208,   89,  532,  141,  263,  385,  324,  546,  101,   90,  147,  142,   47,  304,  536,  224,  386,  102,  577,   92,  328,  548,  105,  149,  267,  578,  388, ...
  106,  163,  150,  552,  336,   55,  153,  113,  269,  642,  108,  580,  519,  392,   79,  165,  154,  114,  275,  560,  270,  352,   59,  776,  166,  195,  156,  116,  584,  400,  169,  277, ...
  523,   61,  644,  197,  120,   87,  170,  784,  291,  278,   62,  592,  177,  416,  281,  198,  172,  525,  648,   91,  143,  293,  201,  178,  282,  896,  531,  526,  608,  103,   93,  448, ...
  202,  180,  294,  323,  284,  800,   94,  209,  297,  533,  204,  151,  656,  184,  107,  210,  298,  325,  547,  534,  225,  305,  109,  832,  155,  537,  212,  326,  300,  387,  271,  329, ...
  115,  306,  110,  226,  167,  157,  672,  538,  549,  216,  158,  117,   63,  579,  330,  308,  389,  228,  550,  540,  390,  337,  171,  553,  279,  118,  332,  232,  312,  283,  199,  121, ...
  173,  179,  174,  704,  122,  338,  393,  554,  581,  900,   95,  295,  527,  353,  203,  561,  124,  240,  181,  285,  340,  394,  582,  556,  833,  643,  354,  182,  286,  401,  562,  585, ...
  205,  344,  396,  185,  299,  356,  402,  586,  564,  535,  211,  206,  111,  898,  645,  186,  417,  593,  301,  327,  404,  360,  588,  159,  568,  646,  188,  213,  307,  302,  771,  418, ...
  594,  649,  539,  897,  214,  227,  408,  368,  119,  609,  449,  217,  331,  309,  420,  596,  650,  551,  773,  541,  610,  229,  218,  175,  657,  310,  450,  333,  424,  652,  600,  313, ...
  542,  391,  774,  123,  230,  220,  658,  612,  452,  339,  334,  777,  555,  314,  233,  432,  673,  125,  660,  616,  234,  316,  778,  456,  287,  341,  183,  395,  557,  583,  126,  674, ...
  241,  785,  342,  355,  236,  664,  563,  558,  780,  624,  207,  464,  345,  705,  397,  242,  676,  786,  187,  357,  346,  403,  565,  587,  398,  706,  244,  303,  801,  480,  788,  680, ...
  358,  348,  566,  189,  361,  405,  589,  215,  248,  569,  802,  708,  647,  190,  792,  688,  595,  362,  590,  419,  406,  570,  834,  311,  409,  804,  369,  712,  219,  364,  572,  597, ...
  651,  421,  410,  543,  335,  960,  370,  231,  808,  221,  720,  611,  598,  315,  422,  451,  412,  601,  372,  836,  653,  775,  222,  425,  904,  317,  127,  613,  602,  343,  816,  659, ...
  376,  654,  235,  736,  426,  453,  559,  318,  912,  614,  433,  604,  237,  840,  617,  454,  661,  428,  347,  399,  779,  457,  434,  675,  243,  238,  618,  662,  928,  359,  567,  349, ...
  665,  625,  458,  436,  781,  620,  245,  591,  350,  191,  848,  407,  677,  666,  465,  626,  787,  782,  707,  363,  460,  571,  246,  440,  678,  466,  249,  668,  789,  628,  681,  599, ...
  573,  365,  411,  250,  864,  423,  574,  223,  481,  682,  371,  632,  366,  803,  709,  413,  790,  603,  964,  655,  252,  468,  689,  793,  929,  684,  414,  710,  482,  615,  319,  373, ...
  472,  690,  427,  713,  605,  794,  805,  484,  374,  239,  962,  663,  606,  692,  714,  806,  796,  377,  429,  835,  455,  619,  721,  809,  488,  716,  696,  435,  430,  378,  899,  722, ...
  810,  667,  837,  621,  351,  496,  380,  247,  817,  737,  783,  459,  437,  724,  812,  838,  679,  627,  622,  961,  669,  818,  841,  738,  438,  461,  728,  441,  670,  629,  575,  842, ...
  820,  251,  901,  740,  467,  462,  683,  367,  442,  791,  849,  630,  844,  902,  824,  633,  744,  253,  444,  415,  469,  685,  850,  711,  905,  634,  254,  865,  691,  686,  795,  752, ...
  470,  483,  852,  906,  375,  473,  636,  607,  913,  807,  866,  715,  693,  797,  908,  485,  474,  856,  431,  694,  798,  914,  868,  717,  486,  697,  476,  379,  930,  811,  489,  723, ...
  718,  916,  698,  872,  623,  381,  813,  490,  968,  839,  700,  439,  725,  671,  920,  497,  382,  880,  819,  492,  814,  976,  739,  726,  463,  932,  631,  498,  729,  821,  843,  443, ...
  992,  741,  730,  500,  822,  687,  845,  825,  903,  471,  445,  936,  635,  255,  742,  732,  851,  853,  846,  504,  745,  826,  446,  637,  799,  695,  475,  944,  907,  487,  828,  638, ...
  746,  996,  477,  719,  854,  867,  753,  857,  909,  977,  748,  478,  699,  383,  491,  754,  815,  858,  869,  915,  910,  993,  727,  870,  756,  860,  701,  493,  917,  873,  963,  702, ...
  760,  823,  499,  494,  918,  931,  874,  731,  921,  881,  847,  876,  447,  501,  743,  922,  933,  882,  733,  827,  502,  934,  924,  994,  734,  505,  884,  937,  829,  855,  639,  747, ...
  506,  888,  938,  965,  830,  945,  508,  479,  749,  966,  940,  859,  911,  969,  946,  755,  750,  871,  861,  970,  948,  757,  862,  703, 1000,  495,  919,  972,  952,  758,  875,  978, ...
  761,  923,  877, 1008,  762,  980,  883,  503,  878,  935,  735,  925,  764,  926,  831,  984,  885,  939,  507, 1010,  886,  751, 1001,  941,  967,  889,  509,  947,  942, 1009,  890,  510, ...
  863,  759,  971,  892,  949,  995,  950,  973,  953,  763,  979,  974,  879,  954,  765,  927,  956,  981,  766,  982, 1012,  887,  985,  997,  986,  943,  891,  998,  988,  511, 1016,  893, ...
  951, 1002,  894,  975, 1004, 1020,  955, 1017,  983,  957, 1018,  767,  958,  999,  987, 1011,  989,  990,  895, 1003, 1005, 1013, 1006,  959, 1014, 1007, 1015,  991, 1019, 1021, 1022, 1023 
];
