ips = [
    0,    1,    2,    4,    8,   16,   32,  256,    3,   64,    5,  128,   34,   33,    9,   24,   20,   18,   17,   12,   10,    6,  512,   65,   36,   66,   40,  129,   68,   48,  130,    7, ...
   72,  132,  257,   11,  258,   13,  136,   80,  260,  513,   19,   14,  264,  144,   96,  514,   21,   35,   22,  516,   25,   37,   26,  272,  160,  520,   38,   67,   28,   41,   69,  131, ...
   49,   42,  528,   73,   70,  288,  192,  133,   81,   74,   50,   44,   15,  640,  259,  137,  134,   52,  544,  515,   97,   82,   76,  320,  265,  262,  261,  145,  138,   98,   84,   56, ...
   27,   23,  576,  517,  161,  146,  140,   39,   29,  384,  266,  148,  104,  100,   88,   71,   45,   43,   30,  768,  162,  273,  152,  268,   51,  112,   46,  193,  518,  164,  274,  521, ...
   53,   75,  289,  194,  276,  168,  522,   54,  290,  196,   77,   57,  529,  135,  280,  176,  524,  321,   83,   78,   58,  292,  200,  530,  322,   60,  545,   85,  139,  296,   31,  532, ...
  208,  385,   99,  324,   86,  546,   89,  304,  141,  536,  263,  386,  577,  101,  328,   90,  147,  224,  548,  142,  102,   47,  578,  388,   92,  552,  105,  149,  267,  336,  641,  580, ...
  163,  106,  392,  150,  153,  113,  269,  642,  108,   55,  519,  165,  154,  114,  275,  270,  584,  560,  644,  166,  195,   79,  400,  352,  156,  769,  116,   59,  169,  277,  523,  197, ...
  170,   61,  592,  120,  770,  291,  278,  648,  177,   87,  281,   62,  198,  525,  172,  201,  293,  416,  772,  178,  282,  531,  526,   91,  143,  202,  294,  323,  180,  284,  297,  209, ...
  103,   93,  656,  608,  776,  533,  204,  184,   94,  325,  210,  298,  547,  534,  305,  225,  537,  151,  326,  107,  387,  329,  549,  579,  538,  448,  389,  337,  306,  300,  271,  226, ...
  212,  155,  115,  109,  784,  553,  550,  330,  672,  581,  561,  554,  540,  393,  390,  353,  338,  332,  308,  228,  216,  171,  167,  158,  157,  121,  117,  110,   63,  800,  643,  279, ...
  118,  704,  645,  593,  586,  585,  582,  562,  556,  527,  417,  402,  401,  396,  394,  354,  340,  312,  295,  285,  283,  240,  232,  203,  199,  181,  179,  174,  173,  124,  122,   95, ...
  832,  564,  535,  404,  356,  344,  299,  286,  211,  206,  205,  186,  185,  182,  111,  896,  360,  588,  646,  568,  301,  327,  771,  418,  188,  594,  159,  649,  213,  408,  307,  368, ...
  302,  609,  449,  420,  539,  227,  650,  596,  214,  773,  217,  119,  657,  610,  309,  331,  450,  551,  424,  652,  600,  541,  229,  218,  774,  310,  658,  612,  452,  175,  777,  333, ...
  313,  542,  391,  230,  220,  432,  673,  123,  233,  660,  339,  334,  314,  778,  616,  456,  555,  674,  234,  125,  785,  316,  664,  341,  780,  241,  395,  624,  464,  557,  183,  583, ...
  705,  287,  126,  236,  676,  786,  355,  342,  563,  242,  558,  345,  397,  207,  801,  706,  788,  680,  244,  357,  187,  346,  403,  565,  398,  587,  802,  708,  480,  792,  358,  248, ...
  348,  303,  566,  189,  361,  405,  688,  833,  589,  569,  647,  804,  712,  215,  190,  419,  362,  595,  406,  590,  570,  834,  409,  369,  364,  572,  311,  421,  597,  410,  651,  370, ...
  219,  808,  897,  720,  836,  543,  611,  335,  598,  422,  451,  412,  372,  231,  221,  601,  425,  653,  315,  816,  898,  775,  222,  840,  376,  613,  659,  602,  654,  453,  426,  317, ...
  127,  235,  433,  343,  736,  900,  614,  559,  318,  604,  454,  428,  617,  661,  779,  457,  434,  237,  675,  618,  662,  243,  347,  399,  848,  904,  238,  458,  436,  665,  625,  781, ...
  465,  620,  359,  349,  567,  460,  677,  245,  666,  787,  626,  782,  466,  350,  707,  191,  481,  803,  789,  709,  681,  678,  668,  628,  591,  573,  571,  482,  468,  440,  407,  365, ...
  363,  250,  249,  246,  912,  793,  790,  689,  682,  411,  864,  835,  809,  806,  805,  794,  721,  714,  713,  710,  690,  684,  655,  632,  603,  599,  574,  484,  472,  423,  414,  413, ...
  373,  371,  366,  319,  252,  223,  928,  796,  692,  663,  615,  606,  605,  488,  455,  429,  427,  377,  374,  239,  960,  619,  716,  696,  378,  435,  722,  430,  810,  837,  496,  817, ...
  737,  380,  621,  351,  667,  724,  838,  812,  247,  437,  459,  899,  783,  627,  841,  622,  818,  738,  679,  728,  669,  438,  842,  461,  820,  441,  901,  740,  629,  670,  849,  251, ...
  467,  462,  575,  442,  844,  902,  824,  630,  367,  744,  683,  791,  850,  633,  905,  253,  444,  469,  865,  752,  415,  685,  634,  711,  906,  852,  254,  483,  470,  691,  686,  795, ...
  913,  866,  473,  636,  908,  856,  375,  485,  607,  914,  474,  693,  715,  868,  807,  797,  929,  694,  486,  431,  798,  476,  916,  872,  717,  697,  379,  489,  930,  811,  723,  718, ...
  698,  920,  490,  381,  623,  961,  497,  700,  813,  880,  932,  839,  725,  492,  439,  382,  819,  498,  671,  814,  739,  726,  962,  936,  463,  729,  500,  821,  843,  631,  443,  741, ...
  730,  964,  822,  504,  742,  845,  825,  445,  732,  903,  687,  745,  635,  255,  944,  968,  471,  851,  846,  826,  446,  746,  637,  828,  753,  853,  907,  695,  475,  799,  976,  638, ...
  748,  867,  854,  754,  857,  909,  487,  477,  719,  756,  869,  915,  858,  699,  910,  478,  870,  383,  491,  701,  815,  860,  727,  992,  493,  873,  917,  760,  702,  499,  494,  874, ...
  918,  931,  823,  921,  881,  731,  876,  501,  847,  933,  922,  882,  447,  743,  733,  502,  827,  934,  963,  924,  884,  505,  734,  937,  829,  888,  639,  506,  747,  965,  855,  938, ...
  830,  945,  508,  966,  940,  749,  479,  969,  946,  859,  911,  755,  750,  970,  948,  871,  861,  977,  757,  972,  952,  862,  978,  703,  758,  495,  919,  761,  875,  993,  980,  762, ...
  877,  923,  994,  984,  883,  878,  764,  503,  935,  925,  735,  996,  885,  926,  507,  886,  831, 1000,  939,  889,  509,  890,  941,  751,  967,  510,  947,  942, 1008,  863,  892,  759, ...
  971,  949,  950,  973,  953,  763,  979,  974,  954,  879,  765,  956,  981,  927,  766,  995,  982,  985,  887,  997,  986,  943,  998,  988,  891, 1001,  511, 1002,  893, 1009,  951,  894, ...
 1004, 1010,  975,  955, 1012,  957,  767,  983,  958, 1016,  987,  999,  989,  990,  895, 1003, 1005, 1011, 1006, 1013,  959, 1014, 1017, 1018,  991, 1020, 1007, 1015, 1019, 1021, 1022, 1023 
];
