ips = [
     0,    1,    2,    4,    8,   16,   32,   64,  128,  192,   65,   33,   17,  129,   66,   34,  130,   18,   68,  132,    3,   36,  136,   72,    5,  160,   80,   40,  144,    6,    9,   96, ...
   10,   48,   12,   20,   24,  224,    7,  161,  145,   97,  193,   11,   81,  137,   13,  162,   19,   98,   14,  194,   82,   35,   21,  146,   22,   67,  164,   25,   37,  196,   26,  100, ...
   38,  131,   28,   69,   41,  200,   15,   42,  148,   49,   44,   70,  104,  168,   50,   73,   23,   52,   74,  133,  208,   27,   76,   56,  134,   39,  176,  112,   29,   84,  152,   30, ...
   43,  138,   88,  140,   45,   71,  228,  210,   51,   46,  177,  201,   75,  226,   53,  169,  113,   77,  209,   54,  135,  178,   83,  114,   57,   78,  225,  147,   31,   58,   85,  139, ...
  202,   99,   60,   86,  163,  212,   89,  141,  101,   47,  180,  240,   90,  142,  149,  102,   92,  105,  204,   55,  165,  150,  232,   79,  106,  153,  184,  216,   59,  108,  116,  154, ...
  195,   87,  166,  156,  170,   61,  120,  197,   62,  143,   91,  172,  198,  103,  244,  233,  217,  242,   93,  151,  185,  218,  107,   94,  234,  186,  155,  241,  109,  167,  220,  115, ...
  199,  157,  236,  110,  171,  117,  158,  188,   63,  211,  248,  118,  173,  121,  203,  227,  179,  122,  174,   95,  213,  229,  181,  205,  124,  214,  182,  230,  111,  206,  252,  250, ...
  159,  249,  207,  119,  231,  175,  243,  215,  183,  235,  123,  219,  187,  245,  125,  237,  221,  189,  126,  246,  238,  222,  190,  239,  247,  127,  191,  251,  253,  223,  254,  255
];
