ips = [
   0,    1,    2,    4,    8,   16,   32,   64,  128,  160,   65,   33,   17,  129,   66,    3,  130,   68,    5,  132,    6,    9,   10,  136,   12,   18,   34,   20,   72,   24,  144,   36, ...
   80,    7,   40,  192,   11,   96,   13,   48,  224,   19,   14,  161,  145,   21,  193,   22,   35,   97,   25,  162,   37,   26,   67,   38,   28,  131,  194,   41,   42,   69,   15,  164, ...
   49,   44,   70,   73,   50,  133,   23,   52,   74,   81,  196,   76,   56,  134,   82,   27,  137,   98,   84,   39,  138,   29,  200,  168,   30,   88,  140,   43,  100,  146,  208,   45, ...
   71,  148,  104,   51,   46,  176,   75,  152,   53,  112,   54,   77,  135,  232,   57,   83,  209,   78,   58,  201,   31,  177,   85,  139,   60,  225,   86,   99,  163,   89,  141,  210, ...
   47,  147,   90,  101,  142,  102,  226,   92,  149,  105,   55,  165,  150,  195,  106,   79,  153,  113,  108,  154,  212,   59,  114,  166,  156,  169,   87,  116,   61,  228,   62,  120, ...
  170,  197,  143,   91,  178,  172,  198,  103,  240,  180,   93,  151,   94,  216,  202,  107,  184,  155,  204,  109,  244,  167,  233,  115,  110,  157,  217,  241,  158,   63,  171,  117, ...
  211,  234,  118,  173,  199,  179,  121,  242,  174,  122,  236,   95,  203,  181,  124,  213,  182,  205,  185,  248,  206,  111,  186,  159,  227,  188,  214,  119,  218,  229,  175,  220, ...
  123,  230,  250,  249,  125,  252,  183,  126,  207,  231,  243,  187,  215,  235,  219,  189,  245,  190,  237,  221,  246,  238,  222,  239,  127,  247,  191,  251,  253,  223,  254,  255 
];
