ips = [
    0,    1,    2,    4,    8,   16,   32,   64,  128,  132,   65,  130,    3,  129,    5,    6,    9,   10,   17,   12,   18,   33,   20,   34,   24,   66,   36,  136,   40,   68,    7,  192, ...
   48,  144,   72,   11,  160,   13,   80,   19,   14,   21,   96,   35,   22,  196,   25,  161,   26,   37,  193,   38,   28,   67,   41,  131,   42,   69,   49,   15,   44,   70,  194,   50, ...
   73,   74,   52,  133,   23,   81,   76,   56,  134,   82,  137,   97,   27,   84,  138,  145,   39,   98,   29,  140,   88,   30,  146,  100,  162,   43,  148,  104,  200,   45,   71,  152, ...
  112,   51,   46,  208,  164,   53,   75,  224,   54,   77,   57,  168,  135,  139,   83,   78,   58,   85,   31,  176,   60,  228,   86,   99,   89,  141,  209,   47,   90,  101,  147,  142, ...
  225,  102,   92,  149,  105,  195,   55,  150,  163,  106,  153,  113,   79,  108,  154,  165,  114,   59,  166,  156,  226,  116,  169,   61,   87,  120,  170,  197,   62,  177,  198,  172, ...
   91,  143,  201,  178,  103,   93,  202,  180,   94,  232,  151,  204,  184,  107,  210,  109,  240,  155,  212,  115,  110,  167,  157,  158,   63,  216,  117,  171,  242,  118,  233,  173, ...
  199,  121,  179,  174,  241,  122,   95,  203,  124,  181,  227,  182,  205,  185,  211,  206,  111,  186,  159,  188,  213,  214,  244,  119,  217,  229,  218,  175,  123,  230,  220,  248, ...
  125,  183,  234,  126,  207,  236,  252,  187,  249,  215,  189,  250,  190,  231,  219,  243,  221,  222,  127,  235,  237,  245,  238,  191,  246,  239,  247,  251,  223,  253,  254,  255 
];
