ips = [
    0,    1,    2,    4,    8,   16,   32, 1024,   64,  256,  128,  512, 1536,  514,  257,  129,   65,   17, 1280,  513,  258,  130,   66, 1025,  516,    3, 1026,  260,  132,  520, 1028,  264, ...
    5,    6, 1152,    9,  528,   10, 1032,   12,  544,   18,   33,   20,   34,    7, 1040,   24,  272,   36,   11,  768, 1056,   40,  136,   13,   68,   48,   19,   14,  288,   72,   21,  576, ...
 1088,   80,   22,   35,   25,  144,  320,   96,   37,   26,  640,  384,  160,   38,   28,   67,   41,  192, 1792, 1296,   15,   42,   69, 1156,   49, 1090,   44,   70,  772,  131,   23,   50, ...
   73, 1057,  641, 1600,   74,   52,  133,  577,   27,   81,   76,   56, 1284,  769,  134,   39,  259,   82, 1153,  137,   29,   97,  642, 1089,   84,  138,   30,   43,  261,   98,  515,  145, ...
   88,  140,   45,   71,  262, 1568,  100,  146, 1027,   51,  265,   46,  770,  161,  104,  148,   75,  266, 1281,   53,  517,  162,  273, 1154,  152,  112,  268,   54,   77,  193,  518,  164, ...
  135, 1538,   57,  274,   83,   78,  521,  289,  194,   58,  529,   31,  168,   85,  276,  139, 1029,  522,   60,  196,   86,  290,   99,  321, 1282,  176,  545,  280,   89,  141,  524, 1537, ...
  200,  263,  292, 1030,   47,  530,  147,   90,  101,  142, 1033,  322,  385,  776,  208,  102,  296,   92,  532,  149,  105,  267,  644,   55, 1034,  324,  150,  163,  106,   79,  546,  153, ...
  304,  224, 1041,  536,  269,  113,  386, 1036,  108, 1540,   59,  328,  519,  154,  165,  548,  275,  270, 1288,  114, 1042,  388,   87,  578,  166,  156,  195,  336,  784,   61,  552,  116, ...
  169, 1044,  277, 1544,  392,  523,  580,   62,  170,  120,  197,  278,   91,  143,  291, 1058,  177,  352,  281,  560,  103,  172,  198,  525, 1048, 1160,   93,  178,  400,  201,  282, 1408, ...
  293,  584, 1031,  151, 1060,  531,  526,   94,  648,  800,  180,  202,  294,  284, 1552,  107,  323,  592,  416, 1064,  297,  209,  533, 1092,  204,  184, 1168,  155, 1312,  832,  109, 1035, ...
  298,  210,  325,  271,  534,  167,  547,  608,  115,  110,  305,  157,  225,  448,  537,  300,  326, 1072,  212,  387, 1037,  158,   63, 1664,  306,  171,  329,  117,  656,  226,  279,  549, ...
  538, 1184, 1096,  216, 1043, 1038,  308,  118,  330,  896,  389,  550,  228, 1344,  540,  199,  173,  672,  579,  121,  337, 1216,  553, 1104,  179,  332,  283,  312,  174,  390, 1045,  122, ...
  232,  338,  554,  393,  295,   95,  704,  203,  527,  581, 1059,  181,  285, 1046,  353,  124,  561, 1120, 1824,  340,  394,  182,  286,  556,  205,  299,  240,  582, 1049,  643,  354, 1672, ...
  185, 1602,  401,  562,  211,  585,  535,  111,  206,  344,  396, 1061, 1050, 1569,  327,  301, 1410,  897, 1553,  186,  356,  159,  402,  564,  586,  645,  307,  213,  302, 1062, 1052, 1091, ...
  417,  593, 1345,  771,  119,  188,  539,  360,  404, 1065,  588,  568,  331,  646,  214,  227, 1796, 1313,  309,  551, 1666,  594,  217,  418,  649, 1039, 1066,  541,  310,  408,  368,  333, ...
 1093,  175,  123,  609,  229,  218,  391,  777,  449,  313,  596, 1073, 1409,  339,  420,  650,  542,  334,  555, 1068,  773, 1094,  230,  220,  610, 1155, 1601,  657,  314, 1346,  450,  125, ...
 1074,  287,  600, 1097,  652,  233, 1047,  424, 1794,  183,  341,  774,  395,  557,  583, 1570,  612,  316,  658,  126,  452, 1157,  234, 1076, 1098,  207,  342,  355,  563, 1283,  558,  432, ...
  673,  345,  241,  397, 1105,  660,  616,  778,  236,  187, 1051,  587,  303,  801,  403, 1100,  456,  357,  346,  565, 1080,  398, 1158,  242,  674, 1063,  215, 1665, 1412,  785, 1106,  664, ...
 1161,  624,  358,  566,  348,  589,  189,  780, 1053,  705,  464,  405,  244,  647, 1121,  361,  676,  569, 1217,  786,  311, 1108,  595, 1162,  590,  190, 1054, 1285,  406, 1793,  419,  706, ...
  219, 1067,  362,  248,  570, 1539, 1122,  335, 1169,  480,  680,  409,  543,  788, 1112,  369, 1164,  597,  231,  651, 1286,  364, 1095,  572,  315,  708,  410,  421, 1069,  802,  598,  221, ...
 1124,  611, 1170,  370, 1604,  833,  343,  688,  601, 1289,  653, 1075,  792,  422, 1070,  412,  451,  222,  317,  834,  235,  127, 1185,  775,  559,  712,  804,  425,  372, 1128, 1172,  659, ...
  602,  613,  654, 1290, 1099,  318, 1541, 1920, 1297, 1077, 1186,  426, 1668,  453,  614,  720,  808,  376,  347,  604,  399,  237, 1176, 1136, 1292,  661,  433, 1416,  617, 1078, 1545, 1542, ...
  779, 1101,  243,  567,  836,  428,  359,  238, 1188,  454, 1159, 1298, 1081,  662,  675,  349,  618,  816,  434, 1107,  591,  457, 1102,  898,  736,  665,  191,  407,  245, 1218,  781,  625, ...
 1082, 1348,  900,  620,  571, 1055,  350, 1192,  666,  677,  840,  363, 1856,  436, 1300,  458,  246, 1109,  787,  782, 1163, 1546,  626, 1084, 1220,  249,  465,  599, 1314, 1680,  678,  668, ...
  707,  904,  460, 1110,  440,  411, 1200, 1123,  573,  848, 1304,  628, 1548,  681,  365, 1424,  789,  250, 1113,  466, 1165, 1224, 1316,  423, 1800,  574,  223, 1287, 1554,  371,  366,  682, ...
 1071,  481,  632,  709,  413,  790, 1114,  603, 1171,  655, 1125,  803, 1166,  252,  864,  468,  689, 1608,  793, 1232,  684,  615,  414,  710,  319, 1126, 1116,  912,  373,  427, 1320,  482, ...
 1556,  605, 1173,  690, 1696,  713,  794,  805, 1129,  472, 1291,  663, 1079, 1352,  374,  239, 1440, 1808,  484,  606, 1174,  429, 1187,  455,  692,  714,  806,  796, 1130, 1328,  377, 1248, ...
  619,  835, 1560, 1103,  928, 1177, 1616,  809,  721, 1572, 1137,  435, 1293,  430, 1472,  716, 1728,  488,  696, 1132,  378,  667, 1083, 1543, 1178, 1189,  621,  810,  351, 1299,  722,  247, ...
 1294,  837, 1138,  459,  783,  679,  437, 1360,  380,  627, 1111,  622,  817, 1190, 1180,  669, 1219,  737, 1085,  812,  960,  838,  496, 1193,  724, 1632,  438, 1140,  461,  899, 1301, 1576, ...
  670,  575, 1376,  683,  818,  841,  629, 1086, 1547,  441,  251,  791,  738,  467, 1194, 1315,  462, 1167, 1115, 1302, 1221,  367, 1584,  728, 1144, 1924,  630, 1860,  820,  842, 1201,  442, ...
  685, 1305,  711, 1127,  901,  415, 1196, 1826,  740, 1222, 1809,  633, 1549,  253,  849,  469,  691, 1730,  795, 1117, 1202,  686, 1225, 1317, 1306,  844,  824, 1175,  375,  902,  444, 1473, ...
 1555, 1922,  634,  254,  807,  607, 1550,  470,  744,  483,  850, 1118,  715, 1131,  905, 1318, 1204, 1226, 1308, 1347,  693,  473,  797, 1697,  865,  636, 1321, 1441, 1233, 1179,  431,  852, ...
 1557,  906,  379, 1228, 1858, 1208,  752,  694, 1681,  798,  485,  474,  717, 1133,  811, 1322, 1191, 1295,  866, 1349, 1234,  697,  913, 1474, 1558, 1139,  723, 1571, 1825,  486, 1134,  856, ...
  718,  476,  623,  908, 1181, 1329, 1249,  381, 1561,  813, 1324,  839,  489, 1350,  698, 1236,  439, 1729,  868, 1411,  671, 1182,  914, 1195, 1087, 1921, 1330, 1141,  819, 1353, 1303,  382, ...
  814,  725,  463, 1573,  490, 1562, 1250, 1603, 1698,  929, 1240,  631,  497,  700, 1142,  872, 1332,  916, 1354, 1197, 1223,  443,  843,  492,  726, 1413,  739, 1574, 1564, 1252, 1810, 1145, ...
  821, 1605, 1361,  930,  729,  498, 1203, 1307, 1577, 1198, 1356,  471, 1336, 1414,  920, 1857,  880,  822, 1146,  687,  845, 1256, 1319,  445,  635, 1119, 1362,  961,  730,  741,  903, 1227, ...
 1417, 1551,  825, 1578,  255,  500, 1205,  851, 1667, 1309,  932,  846,  446, 1148, 1377, 1585,  742, 1952,  732, 1364,  475,  826, 1418, 1264, 1206, 1580, 1310,  962,  799, 1229, 1606,  637, ...
 1323,  504,  745, 1732, 1609,  936,  695,  853, 1378, 1209,  907, 1425, 1586,  487, 1795, 1235, 1559, 1368, 1230,  828, 1135, 1420,  638,  964, 1669,  746,  719,  854,  867, 1325, 1351,  477, ...
 1210, 1380, 1426,  944, 1588, 1610, 1183,  857,  753,  909, 1828, 1331, 1237, 1326,  748,  699,  478, 1617,  815,  491, 1476,  383, 1143, 1563,  915,  968, 1212,  869,  858,  910, 1384, 1428, ...
 1612, 1592, 1355,  754, 1238, 1670, 1251,  727, 1333, 1984, 1864, 1575, 1618, 1442, 1241,  870, 1673,  860,  701,  493,  976, 1432, 1392,  756,  917, 1565, 1334,  873, 1633, 1199, 1357, 1736, ...
