ips = [
   0,    1,    2,    4,    8,   16,   32,   64,  128,  192,   65,   33,   17,  129,   66,    9,  130,   34,   68,  132,   18,   36,  136,   72,    3,  144,   80,   20,  160,   40,   96,    5, ...
   48,    6,   24,   10,   12,  224,  161,  145,   97,  194,   81,    7,  137,   98,  162,   11,   49,  193,   82,   13,   19,  146,   67,   14,  164,   21,   35,  208,   22,  100,  138,   25, ...
   84,   37,  196,   26,  148,   38,  104,   28,   41,  168,   15,   42,   69,  200,  131,   44,   70,   50,   23,   73,  176,  112,   74,   52,  133,   27,  152,   76,   39,   56,  134,   29, ...
   88,  140,   43,  240,   30,  210,  201,  177,   45,   71,  226,  113,  169,   51,   46,  209,  153,   75,  105,   53,  178,  225,   77,   54,  114,  135,   83,  202,   57,   78,  170,   99, ...
  212,   31,   58,   85,  139,  180,  228,   86,  116,   60,   89,  141,  147,   47,  204,  163,  101,   90,  142,  232,  102,   92,  149,  184,   55,  216,  150,  106,   79,  195,  165,  120, ...
   59,  154,  108,  172,  197,   87,  166,  156,   61,  198,  242,  234,   62,  143,  217,   91,  241,  185,  103,  218,  233,  186,  121,   93,  151,  248,  220,  107,   94,  188,  199,  155, ...
  167,  109,  236,  115,  211,  244,  157,  171,  110,  117,  179,  158,   63,  203,  122,  227,  173,  213,  118,  229,  181,  205,  174,  124,   95,  214,  230,  182,  206,  250,  249,  252, ...
  175,  111,  207,  231,  159,  243,  215,  183,  119,  235,  219,  187,  123,  245,  237,  221,  189,  125,  246,  238,  222,  190,  126,  239,  247,  127,  191,  251,  253,  223,  254,  255 
];
