ips = [
   0,    1,    2,    4,    8,   16,   32,   64,  128,    3,    5,    6,    9,   10,   17,   12,   18,   33,   20,   34,   24,   65,   36,   66,   40,  129,   68,   48,  130,    7,   72,  132, ...
   11,   80,  136,   13,   19,   14,   96,  144,   21,   35,   22,   25,   67,   41,   38,   37,   26,  160,   28,  192,   42,   69,   49,   70,   44,  131,   15,   73,   50,   74,   52,  133, ...
   81,   76,  134,   56,   23,   82,  137,   97,  138,   84,   27,  145,   98,  140,   88,  146,   39,  100,   29,  161,   30,  148,  104,  162,   43,  152,  193,   45,  112,  164,   71,   51, ...
   46,  194,  168,   53,   75,  196,   54,   77,   57,  135,  176,  200,   83,   78,   58,   60,   85,  139,  208,   31,   99,   86,   89,  141,  101,  147,   90,  142,  102,   92,   47,  224, ...
  105,  149,  106,  150,  163,   55,  153,  113,  108,   79,  165,  154,  114,   59,  166,  195,  156,  116,  169,   61,  120,  197,  170,   87,   62,  177,  198,  172,  201,  178,   91,  143, ...
  202,  180,  103,   93,  209,  204,  184,   94,  210,  151,  107,  225,  212,  109,  226,  155,  216,  115,  110,  167,  157,  228,  117,  158,   63,  232,  118,  171,  121,  122,  173,  199, ...
  179,  174,  240,   95,  124,  203,  181,  182,  205,  185,  211,  206,  186,  111,  188,  213,  159,  227,  214,  217,  119,  229,  218,  175,  230,  220,  123,  233,  234,  125,  241,  183, ...
  126,  236,  242,  207,  187,  244,  189,  215,  190,  248,  219,  231,  221,  222,  127,  235,  237,  243,  238,  245,  191,  246,  249,  250,  223,  252,  239,  247,  251,  253,  254,  255 
];
