ips = [
   0,    1,    2,    4,    8,   16,   32,  128,   64,  160,   65,   33,   17,  129,   66,   34,  130,    3,   68,  132,   36,   72,  144,    5,  136,    6,    9,   10,   80,   12,   18,  192, ...
  20,   96,   24,    7,   40,   48,   11,  224,  161,  145,   13,   97,  193,   19,   14,   81,  162,   21,  146,   98,   22,   35,   25,  194,   67,   37,   26,  131,   38,   28,  164,   41, ...
  69,   42,   15,  196,   49,  100,   44,   70,  133,   50,   73,   23,   52,   74,  200,  168,   76,   56,  134,   27,   82,  137,   39,  208,   29,   84,  138,   30,  104,  176,   43,   88, ...
 140,  148,   71,   45,  112,   51,   46,  152,   75,  228,  209,   53,  177,   77,   54,  201,  225,  135,   83,   57,   78,  169,  113,   31,   58,  210,   85,  139,  178,   60,   86,   99, ...
 226,   89,  141,  202,   47,  147,  101,   90,  142,  163,  102,   92,  212,  149,  105,   55,  150,  232,  106,   79,  180,  153,  195,  108,   59,  154,  165,  114,   87,  166,  156,  240, ...
  61,  116,  216,   62,  170,  197,   91,  143,  120,  184,  103,  172,  198,   93,  151,  204,  241,  107,   94,  233,  217,  155,  242,  109,  218,  167,  185,  115,  234,  110,  157,  244, ...
 171,  158,  220,   63,  117,  179,  199,  118,  173,  236,  121,  248,  203,  174,  122,   95,  181,  211,  227,  124,  182,  205,  186,  213,  229,  111,  206,  188,  159,  230,  119,  214, ...
 249,  250,  252,  175,  123,  207,  231,  243,  215,  125,  183,  235,  126,  219,  187,  245,  237,  221,  189,  246,  238,  190,  222,  127,  239,  191,  247,  251,  253,  223,  254,  255
];
