ips = [
   0,    1,    2,    4,    8,   16,   32, 1024,   64,  512,  128,  256, 2048, 3072, 1536,  513,  257,  129,   33, 2560, 1025,  514,  258,  130, 2304,    3, 1026,  516, 2049,  260, 1028,    5, ...
2050,    6,  520,    9,   10, 2080,   17,   12, 1032,   18, 2052,   20, 1040,   34,    7,   24,   65,   36,   11,   66, 2056,   40,   13,  528,   68,   48,   19,   14, 1056, 2064,   72,  264, ...
 132,   21,   80,   22,  544,   35,  136,   25,   96, 1088,   37,   26, 2176,  144,   38,   28,   67,   41,  272,  576,  160,   15,   42,   69, 1280, 2112,  640,   49,   44,   70,  192,  131, ...
 288,   50,   73, 1152,   23,  768,   52,   74,  133,  320,  384,   81,   76,   27,   56, 3584,  134, 2816,  259,   39,   82,  137,   29,   97, 2308,   84, 2178,  138,   30,   43, 1538,  261, ...
  98,  145, 2113,   88,  140, 1281,  262, 3200,   45,   71, 1153,  100,  146,  515,  265,   51,   46,  161, 2568, 1089,  104,  148,  266, 2306,  517,   75,  162,   53,  273,  152,  112,  268, ...
1537, 2177,  193,  518,   54,   77,  164,  274,  135,   57, 1027,   83,   78,  521,  194,   58,  289,  168,   31, 2051,  276,   85,  139,  522, 3088,   60,  196,  290, 1029, 2562,   86,  529, ...
  99,  176,  280,  524,  321,   89,  141,  200,  292, 1030, 1282,  530,  263,   47,   90,  101,  147, 1033,  142, 2305,  322,  545, 3076,  296,  208,  532,  102,   92,  385, 1034,  324,  149, ...
 105, 2053,  546,  267,   55,  304, 1041,  224,  150,  163,  106,  536,  577,   79,  153,  386,  113,  269, 1036, 1540,  328,  108,   59,  548,  519,  154,  165, 2561,  275, 1042,  270, 2054, ...
 114,  388,  578,   87,  166, 2057,  156,  336, 1057,  195,  552,  641,   61,  116, 1044,  169, 3073,  277,  392,  580, 2058,  523, 1058,   62,  560,  352,  170,  120,  197, 1048,  278,  291, ...
2065,   91,  642,  143,  177, 1544,  281,  584,  400,  769, 2060,  172,  198,  525,  103, 1060,  178,   93,  201,  282,  293, 1031,  531,  151,  526, 2066,   94, 2081,  180,  202,  294,  644, ...
 284,  107,  323, 1090,  592,  416,  297,  209, 1064, 1284,  533,  204,  184,  770, 2068,  155, 3074,  648, 1092,  109, 1035,  298,  210,  325,  608, 2082, 2564,  534, 1072,  448,  271,  547, ...
 167,  305,  772,  225, 1154,  115, 2072,  110,  537,  157,  656,  300,  326,  212, 1096, 1552,  387, 1037, 2084,  306,  329,  226,  158,  538,  549,   63,  776, 3328,  117, 1156,  216,  171, ...
2055, 1043,  279, 1038,  308,  330, 2114,  389,  118,  228,  550,  540,  579,  173,  199,  121,  337,  672,  553, 1104,  179,  283,  332,  312,  174,  390, 2088, 1045,  232,  122, 2312,  338, ...
 784, 1160,  393,  554,  295, 2576,   95,  581, 2116, 2059,  527,  203, 1046, 1120,  704,  353, 1059,  181,  285,  124,  561, 2096,  240,  340, 1288,  394, 1568,  556, 1049,  582, 3080, 1168, ...
 800,  643, 2120,  182,  354,  286,  401,  562,  585,  205, 2061,  344,  396,  185, 1050,  299, 1061, 2180, 2320, 2592, 1296,  211,  356,  206,  535,  402,  111,  564,  586, 2067, 2062, 1184, ...
 186,  645,  832, 2128, 1062,  301,  327, 1052, 1091,  417,  593,  159,  213,  360,  188,  307,  302,  404, 1065,  588,  568,  539,  646,  119,  214,  227,  771,  331, 2069,  418,  594,  309, ...
1600,  551,  649,  217, 3136, 2184, 1066,  408, 1093,  368, 2336, 1039,  609,  541,  449, 1216,  310, 2070, 1073, 2144, 2083,  175,  896,  596,  420,  333,  650,  218,  229,  123, 2688, 1068, ...
 773,  391, 1664, 1094,  313, 2073, 3104,  542, 1155,  610, 1312,  657,  450, 2192,  339,  334, 1074, 1097,  230,  555,  220,  600,  424,  652,  314,  774, 2074, 2085,  125,  233, 2368,  612, ...
1792,  658, 1047, 2624,  287,  452,  777, 1076,  183, 1098,  341,  316,  395,  557, 1157,  583,  126,  432,  234,  673, 2086, 2076, 2115, 1105,  342,  207,  355,  660,  616,  563,  558,  241, ...
 778,  456,  345, 1100,  397, 1080,  236, 2089, 1051,  187, 1158,  303,  587, 1344,  403,  346,  357,  565, 2208,  398,  242,  674, 1283,  785, 1106, 1063,  215, 1161,  664,  624,  780, 2432, ...
2090,  358,  566,  348,  464, 2117, 2063,  705,  189, 1053,  589, 1408, 1121,  244,  647,  405, 2240,  676,  361,  569, 3840,  786,  311, 1108,  595, 2097, 1162,  590,  190, 1285, 1054, 3392, ...
 406, 3204, 2092,  419,  706, 2118,  219, 1067,  801,  248,  362,  570, 1122, 2179, 1169,  335,  480,  680, 3138,  788,  409, 2820,  543, 1112, 2098, 1164, 2121,  369, 1601,  597, 3105,  231, ...
1286,  651,  364,  708,  572, 2071,  802,  315, 1124,  410, 1170,  421, 1069,  221, 1539, 1095, 1289,  688,  598,  370,  792,  611, 2100, 2122, 2181, 2690,  833,  601,  343, 1075,  653,  422, ...
1070,  412, 1185, 3648,  451,  222,  712,  804,  317,  127,  775, 1128,  235, 1172,  372,  559, 2129,  425,  659,  602, 1290,  613,  654, 2075, 1099, 2124, 2104,  318, 2182, 1077, 1541,  834, ...
1186, 2625,  426,  614,  399,  347,  237, 3332,  453,  604, 1297, 2307,  376,  720, 2087,  808, 2130,  661, 1176, 1136, 2185, 1292,  617,  433, 1078,  779, 1101,  567,  243, 2817, 1217,  359, ...
 238,  897, 1542,  428, 2077,  454, 3202,  836, 1188, 1159, 2145, 1081, 1298,  662,  675, 2132,  349,  618,  816,  434, 1545, 2186,  736, 1107,  457, 1102,  591, 2689,  665, 2309, 1218, 3137, ...
 898,  191, 2078,  407, 1313,  625,  781,  245, 1082, 2146,  840, 1192, 1553, 2091, 2193, 1300,  620,  350,  436,  458, 1055,  571, 2136, 1546,  666,  677, 2188, 2563,  363,  787, 1109,  246, ...
 782,  626, 2310, 1163, 1220, 1084, 1314,  900,  465,  249, 2148, 3592,  599, 2194,  678,  668, 3075,  707, 2093,  460, 2119, 1110,  440,  411, 1123, 1200,  848,  573, 1304,  628,  365, 2313, ...
 681,  789, 1113,  250, 1165, 1548,  466,  423, 2099, 1345,  223,  574, 2094,  371, 1287, 1224,  366, 2209, 1071, 1316,  682,  904,  655,  413,  603,  709,  790, 1171, 1114, 1125,  632,  803, ...
1554, 1166,  481, 2152, 2196, 1569,  252, 2314,  468,  689,  864,  793, 2123, 1346, 2565,  615, 3329,  684,  414, 2818,  710,  319, 2210, 2101, 1126, 1232, 1320, 1116, 2321,  373,  482,  427, ...
1556,  912, 2200,  605, 2160,  690, 1173, 2316,  713,  472,  794,  805, 1129, 1409, 3201, 2241, 1348, 1291, 2566, 2102, 1570, 1079,  663, 2212,  374, 2125,  239, 2322,  484, 1328,  606, 1248, ...
1174, 1560, 2183,  692,  714, 1187, 2105,  806,  429, 2569, 1130,  796,  455, 3586,  377, 2337,  928,  835, 1410,  619, 2577, 1103, 2242, 1177, 2131, 2126,  809,  721, 3077, 1352, 1137, 1293, ...
1572,  435,  430,  488, 2216,  716, 2106,  696, 1132,  378, 2324,  667, 1543, 1178, 1083, 1189, 2570,  810,  621, 2079,  722, 1299, 1294,  351, 1138,  837, 2187,  247, 1412,  459,  783, 2133, ...
 679, 1602,  437, 2108,  380, 1111,  627,  817,  622, 2244, 1190,  960, 1180, 1219,  669,  737, 2338,  496, 1085,  812, 2369, 1360,  838, 2328,  724, 1576, 1140, 1193, 2134,  438, 1793,  899, ...
2147,  461, 2224, 1301, 1665,  670,  818,  575,  841, 2572, 3585, 1547,  738, 2137,  629,  441,  683, 1086, 2593, 1416, 2189,  251, 1604, 2248,  791, 2340, 1194, 3078,  467,  728, 1144, 1221, ...
 462, 1302, 2578, 2311, 1115,  367, 1315, 1167, 1376, 1584,  820, 2095,  842,  630, 2138, 1201,  442, 2149,  901, 2195, 3081,  740, 2190, 1666, 1305, 3330, 2370, 2433, 1196, 1608, 1424, 1222, ...
 685,  849,  711,  633, 1549, 1127, 2344, 2256,  415,  253, 2580,  469,  844,  824, 1202, 2150, 1225,  444, 2140,  902, 1117, 1306, 1317, 2824, 3082,  744, 2692,  691, 1668,  795,  686, 2372, ...
1555,  634,  850, 1550, 2197, 2594,  254, 2153,  905, 1616,  470, 1175, 2315, 1440,  375,  483, 1118, 2352, 1204, 1226, 3089, 1318, 2272, 1308,  607, 2103,  807, 2584, 1347,  865,  473,  715, ...
2198, 1131,  636, 2211,  693,  752,  797, 2154, 1321,  852, 1233, 2434,  906, 1794, 2127, 1557, 2201, 1228, 3084, 1208,  431, 2317, 1179,  694,  474,  485,  798,  379, 2161, 1133,  717, 3588, ...
 866, 1672,  811, 1322, 2376,  913, 1234, 2156, 1349, 2596,  697, 1295, 1191, 2107, 2567, 1558, 1796,  856, 2202, 2213, 1571,  908, 3090,  486, 1632,  723,  476, 1139,  718, 1329, 1472, 2323, ...
